r,c,o,a,count
2,27,0,0,1
2,27,0,1,0
2,27,0,2,0
2,27,0,3,0
2,27,0,4,0
2,27,0,5,0
2,27,0,6,0
2,27,0,7,0
2,27,0,8,0
2,27,0,9,0
2,27,0,10,0
2,27,0,11,0
2,27,0,12,0
2,27,0,13,0
2,27,0,14,0
2,27,0,15,0
2,27,0,16,0
2,27,0,17,0
2,27,0,18,0
2,27,0,19,0
2,27,0,20,0
2,27,0,21,0
2,27,0,22,0
2,27,0,23,0
2,27,0,24,0
2,27,0,25,0
2,27,0,26,0
2,27,0,27,0
2,27,0,28,0
2,27,0,29,0
2,27,0,30,0
2,27,0,31,0
2,27,0,32,0
2,27,0,33,0
2,27,0,34,0
2,27,0,35,0
2,27,0,36,0
2,27,0,37,0
2,27,0,38,0
2,27,0,39,0
2,27,0,40,0
2,27,0,41,0
2,27,0,42,0
2,27,0,43,0
2,27,0,44,0
2,27,0,45,0
2,27,0,46,0
2,27,0,47,0
2,27,0,48,0
2,27,0,49,0
2,27,0,50,0
2,27,0,51,0
2,27,0,52,0
2,27,0,53,0
2,27,0,54,0
2,27,0,55,0
2,27,0,56,0
2,27,0,57,0
2,27,0,58,0
2,27,0,59,0
2,27,0,60,0
2,27,0,61,0
2,27,0,62,0
2,27,0,63,0
2,27,0,64,0
2,27,0,65,0
2,27,0,66,0
2,27,0,67,0
2,27,0,68,0
2,27,0,69,0
2,27,0,70,0
2,27,0,71,0
2,27,0,72,0
2,27,0,73,0
2,27,0,74,0
2,27,0,75,0
2,27,0,76,0
2,27,0,77,0
2,27,0,78,0
2,27,0,79,0
2,27,1,0,54
2,27,1,1,0
2,27,1,2,0
2,27,1,3,0
2,27,1,4,0
2,27,1,5,0
2,27,1,6,0
2,27,1,7,0
2,27,1,8,0
2,27,1,9,0
2,27,1,10,0
2,27,1,11,0
2,27,1,12,0
2,27,1,13,0
2,27,1,14,0
2,27,1,15,0
2,27,1,16,0
2,27,1,17,0
2,27,1,18,0
2,27,1,19,0
2,27,1,20,0
2,27,1,21,0
2,27,1,22,0
2,27,1,23,0
2,27,1,24,0
2,27,1,25,0
2,27,1,26,0
2,27,1,27,0
2,27,1,28,0
2,27,1,29,0
2,27,1,30,0
2,27,1,31,0
2,27,1,32,0
2,27,1,33,0
2,27,1,34,0
2,27,1,35,0
2,27,1,36,0
2,27,1,37,0
2,27,1,38,0
2,27,1,39,0
2,27,1,40,0
2,27,1,41,0
2,27,1,42,0
2,27,1,43,0
2,27,1,44,0
2,27,1,45,0
2,27,1,46,0
2,27,1,47,0
2,27,1,48,0
2,27,1,49,0
2,27,1,50,0
2,27,1,51,0
2,27,1,52,0
2,27,1,53,0
2,27,1,54,0
2,27,1,55,0
2,27,1,56,0
2,27,1,57,0
2,27,1,58,0
2,27,1,59,0
2,27,1,60,0
2,27,1,61,0
2,27,1,62,0
2,27,1,63,0
2,27,1,64,0
2,27,1,65,0
2,27,1,66,0
2,27,1,67,0
2,27,1,68,0
2,27,1,69,0
2,27,1,70,0
2,27,1,71,0
2,27,1,72,0
2,27,1,73,0
2,27,1,74,0
2,27,1,75,0
2,27,1,76,0
2,27,1,77,0
2,27,1,78,0
2,27,1,79,0
2,27,2,0,1352
2,27,2,1,79
2,27,2,2,0
2,27,2,3,0
2,27,2,4,0
2,27,2,5,0
2,27,2,6,0
2,27,2,7,0
2,27,2,8,0
2,27,2,9,0
2,27,2,10,0
2,27,2,11,0
2,27,2,12,0
2,27,2,13,0
2,27,2,14,0
2,27,2,15,0
2,27,2,16,0
2,27,2,17,0
2,27,2,18,0
2,27,2,19,0
2,27,2,20,0
2,27,2,21,0
2,27,2,22,0
2,27,2,23,0
2,27,2,24,0
2,27,2,25,0
2,27,2,26,0
2,27,2,27,0
2,27,2,28,0
2,27,2,29,0
2,27,2,30,0
2,27,2,31,0
2,27,2,32,0
2,27,2,33,0
2,27,2,34,0
2,27,2,35,0
2,27,2,36,0
2,27,2,37,0
2,27,2,38,0
2,27,2,39,0
2,27,2,40,0
2,27,2,41,0
2,27,2,42,0
2,27,2,43,0
2,27,2,44,0
2,27,2,45,0
2,27,2,46,0
2,27,2,47,0
2,27,2,48,0
2,27,2,49,0
2,27,2,50,0
2,27,2,51,0
2,27,2,52,0
2,27,2,53,0
2,27,2,54,0
2,27,2,55,0
2,27,2,56,0
2,27,2,57,0
2,27,2,58,0
2,27,2,59,0
2,27,2,60,0
2,27,2,61,0
2,27,2,62,0
2,27,2,63,0
2,27,2,64,0
2,27,2,65,0
2,27,2,66,0
2,27,2,67,0
2,27,2,68,0
2,27,2,69,0
2,27,2,70,0
2,27,2,71,0
2,27,2,72,0
2,27,2,73,0
2,27,2,74,0
2,27,2,75,0
2,27,2,76,0
2,27,2,77,0
2,27,2,78,0
2,27,2,79,0
2,27,3,0,20850
2,27,3,1,3800
2,27,3,2,154
2,27,3,3,0
2,27,3,4,0
2,27,3,5,0
2,27,3,6,0
2,27,3,7,0
2,27,3,8,0
2,27,3,9,0
2,27,3,10,0
2,27,3,11,0
2,27,3,12,0
2,27,3,13,0
2,27,3,14,0
2,27,3,15,0
2,27,3,16,0
2,27,3,17,0
2,27,3,18,0
2,27,3,19,0
2,27,3,20,0
2,27,3,21,0
2,27,3,22,0
2,27,3,23,0
2,27,3,24,0
2,27,3,25,0
2,27,3,26,0
2,27,3,27,0
2,27,3,28,0
2,27,3,29,0
2,27,3,30,0
2,27,3,31,0
2,27,3,32,0
2,27,3,33,0
2,27,3,34,0
2,27,3,35,0
2,27,3,36,0
2,27,3,37,0
2,27,3,38,0
2,27,3,39,0
2,27,3,40,0
2,27,3,41,0
2,27,3,42,0
2,27,3,43,0
2,27,3,44,0
2,27,3,45,0
2,27,3,46,0
2,27,3,47,0
2,27,3,48,0
2,27,3,49,0
2,27,3,50,0
2,27,3,51,0
2,27,3,52,0
2,27,3,53,0
2,27,3,54,0
2,27,3,55,0
2,27,3,56,0
2,27,3,57,0
2,27,3,58,0
2,27,3,59,0
2,27,3,60,0
2,27,3,61,0
2,27,3,62,0
2,27,3,63,0
2,27,3,64,0
2,27,3,65,0
2,27,3,66,0
2,27,3,67,0
2,27,3,68,0
2,27,3,69,0
2,27,3,70,0
2,27,3,71,0
2,27,3,72,0
2,27,3,73,0
2,27,3,74,0
2,27,3,75,0
2,27,3,76,0
2,27,3,77,0
2,27,3,78,0
2,27,3,79,0
2,27,4,0,221952
2,27,4,1,84144
2,27,4,2,9881
2,27,4,3,248
2,27,4,4,26
2,27,4,5,0
2,27,4,6,0
2,27,4,7,0
2,27,4,8,0
2,27,4,9,0
2,27,4,10,0
2,27,4,11,0
2,27,4,12,0
2,27,4,13,0
2,27,4,14,0
2,27,4,15,0
2,27,4,16,0
2,27,4,17,0
2,27,4,18,0
2,27,4,19,0
2,27,4,20,0
2,27,4,21,0
2,27,4,22,0
2,27,4,23,0
2,27,4,24,0
2,27,4,25,0
2,27,4,26,0
2,27,4,27,0
2,27,4,28,0
2,27,4,29,0
2,27,4,30,0
2,27,4,31,0
2,27,4,32,0
2,27,4,33,0
2,27,4,34,0
2,27,4,35,0
2,27,4,36,0
2,27,4,37,0
2,27,4,38,0
2,27,4,39,0
2,27,4,40,0
2,27,4,41,0
2,27,4,42,0
2,27,4,43,0
2,27,4,44,0
2,27,4,45,0
2,27,4,46,0
2,27,4,47,0
2,27,4,48,0
2,27,4,49,0
2,27,4,50,0
2,27,4,51,0
2,27,4,52,0
2,27,4,53,0
2,27,4,54,0
2,27,4,55,0
2,27,4,56,0
2,27,4,57,0
2,27,4,58,0
2,27,4,59,0
2,27,4,60,0
2,27,4,61,0
2,27,4,62,0
2,27,4,63,0
2,27,4,64,0
2,27,4,65,0
2,27,4,66,0
2,27,4,67,0
2,27,4,68,0
2,27,4,69,0
2,27,4,70,0
2,27,4,71,0
2,27,4,72,0
2,27,4,73,0
2,27,4,74,0
2,27,4,75,0
2,27,4,76,0
2,27,4,77,0
2,27,4,78,0
2,27,4,79,0
2,27,5,0,1732590
2,27,5,1,1138776
2,27,5,2,268092
2,27,5,3,21368
2,27,5,4,1584
2,27,5,5,100
2,27,5,6,0
2,27,5,7,0
2,27,5,8,0
2,27,5,9,0
2,27,5,10,0
2,27,5,11,0
2,27,5,12,0
2,27,5,13,0
2,27,5,14,0
2,27,5,15,0
2,27,5,16,0
2,27,5,17,0
2,27,5,18,0
2,27,5,19,0
2,27,5,20,0
2,27,5,21,0
2,27,5,22,0
2,27,5,23,0
2,27,5,24,0
2,27,5,25,0
2,27,5,26,0
2,27,5,27,0
2,27,5,28,0
2,27,5,29,0
2,27,5,30,0
2,27,5,31,0
2,27,5,32,0
2,27,5,33,0
2,27,5,34,0
2,27,5,35,0
2,27,5,36,0
2,27,5,37,0
2,27,5,38,0
2,27,5,39,0
2,27,5,40,0
2,27,5,41,0
2,27,5,42,0
2,27,5,43,0
2,27,5,44,0
2,27,5,45,0
2,27,5,46,0
2,27,5,47,0
2,27,5,48,0
2,27,5,49,0
2,27,5,50,0
2,27,5,51,0
2,27,5,52,0
2,27,5,53,0
2,27,5,54,0
2,27,5,55,0
2,27,5,56,0
2,27,5,57,0
2,27,5,58,0
2,27,5,59,0
2,27,5,60,0
2,27,5,61,0
2,27,5,62,0
2,27,5,63,0
2,27,5,64,0
2,27,5,65,0
2,27,5,66,0
2,27,5,67,0
2,27,5,68,0
2,27,5,69,0
2,27,5,70,0
2,27,5,71,0
2,27,5,72,0
2,27,5,73,0
2,27,5,74,0
2,27,5,75,0
2,27,5,76,0
2,27,5,77,0
2,27,5,78,0
2,27,5,79,0
2,27,6,0,10286936
2,27,6,1,10549308
2,27,6,2,4216656
2,27,6,3,699732
2,27,6,4,67448
2,27,6,5,6868
2,27,6,6,192
2,27,6,7,25
2,27,6,8,0
2,27,6,9,0
2,27,6,10,0
2,27,6,11,0
2,27,6,12,0
2,27,6,13,0
2,27,6,14,0
2,27,6,15,0
2,27,6,16,0
2,27,6,17,0
2,27,6,18,0
2,27,6,19,0
2,27,6,20,0
2,27,6,21,0
2,27,6,22,0
2,27,6,23,0
2,27,6,24,0
2,27,6,25,0
2,27,6,26,0
2,27,6,27,0
2,27,6,28,0
2,27,6,29,0
2,27,6,30,0
2,27,6,31,0
2,27,6,32,0
2,27,6,33,0
2,27,6,34,0
2,27,6,35,0
2,27,6,36,0
2,27,6,37,0
2,27,6,38,0
2,27,6,39,0
2,27,6,40,0
2,27,6,41,0
2,27,6,42,0
2,27,6,43,0
2,27,6,44,0
2,27,6,45,0
2,27,6,46,0
2,27,6,47,0
2,27,6,48,0
2,27,6,49,0
2,27,6,50,0
2,27,6,51,0
2,27,6,52,0
2,27,6,53,0
2,27,6,54,0
2,27,6,55,0
2,27,6,56,0
2,27,6,57,0
2,27,6,58,0
2,27,6,59,0
2,27,6,60,0
2,27,6,61,0
2,27,6,62,0
2,27,6,63,0
2,27,6,64,0
2,27,6,65,0
2,27,6,66,0
2,27,6,67,0
2,27,6,68,0
2,27,6,69,0
2,27,6,70,0
2,27,6,71,0
2,27,6,72,0
2,27,6,73,0
2,27,6,74,0
2,27,6,75,0
2,27,6,76,0
2,27,6,77,0
2,27,6,78,0
2,27,6,79,0
2,27,7,0,47568618
2,27,7,1,71013768
2,27,7,2,43741184
2,27,7,3,12571676
2,27,7,4,1942154
2,27,7,5,242568
2,27,7,6,19020
2,27,7,7,1476
2,27,7,8,96
2,27,7,9,0
2,27,7,10,0
2,27,7,11,0
2,27,7,12,0
2,27,7,13,0
2,27,7,14,0
2,27,7,15,0
2,27,7,16,0
2,27,7,17,0
2,27,7,18,0
2,27,7,19,0
2,27,7,20,0
2,27,7,21,0
2,27,7,22,0
2,27,7,23,0
2,27,7,24,0
2,27,7,25,0
2,27,7,26,0
2,27,7,27,0
2,27,7,28,0
2,27,7,29,0
2,27,7,30,0
2,27,7,31,0
2,27,7,32,0
2,27,7,33,0
2,27,7,34,0
2,27,7,35,0
2,27,7,36,0
2,27,7,37,0
2,27,7,38,0
2,27,7,39,0
2,27,7,40,0
2,27,7,41,0
2,27,7,42,0
2,27,7,43,0
2,27,7,44,0
2,27,7,45,0
2,27,7,46,0
2,27,7,47,0
2,27,7,48,0
2,27,7,49,0
2,27,7,50,0
2,27,7,51,0
2,27,7,52,0
2,27,7,53,0
2,27,7,54,0
2,27,7,55,0
2,27,7,56,0
2,27,7,57,0
2,27,7,58,0
2,27,7,59,0
2,27,7,60,0
2,27,7,61,0
2,27,7,62,0
2,27,7,63,0
2,27,7,64,0
2,27,7,65,0
2,27,7,66,0
2,27,7,67,0
2,27,7,68,0
2,27,7,69,0
2,27,7,70,0
2,27,7,71,0
2,27,7,72,0
2,27,7,73,0
2,27,7,74,0
2,27,7,75,0
2,27,7,76,0
2,27,7,77,0
2,27,7,78,0
2,27,7,79,0
2,27,8,0,174074240
2,27,8,1,360042760
2,27,8,2,320495196
2,27,8,3,143738448
2,27,8,4,35397126
2,27,8,5,5904496
2,27,8,6,738300
2,27,8,7,68224
2,27,8,8,6792
2,27,8,9,184
2,27,8,10,24
2,27,8,11,0
2,27,8,12,0
2,27,8,13,0
2,27,8,14,0
2,27,8,15,0
2,27,8,16,0
2,27,8,17,0
2,27,8,18,0
2,27,8,19,0
2,27,8,20,0
2,27,8,21,0
2,27,8,22,0
2,27,8,23,0
2,27,8,24,0
2,27,8,25,0
2,27,8,26,0
2,27,8,27,0
2,27,8,28,0
2,27,8,29,0
2,27,8,30,0
2,27,8,31,0
2,27,8,32,0
2,27,8,33,0
2,27,8,34,0
2,27,8,35,0
2,27,8,36,0
2,27,8,37,0
2,27,8,38,0
2,27,8,39,0
2,27,8,40,0
2,27,8,41,0
2,27,8,42,0
2,27,8,43,0
2,27,8,44,0
2,27,8,45,0
2,27,8,46,0
2,27,8,47,0
2,27,8,48,0
2,27,8,49,0
2,27,8,50,0
2,27,8,51,0
2,27,8,52,0
2,27,8,53,0
2,27,8,54,0
2,27,8,55,0
2,27,8,56,0
2,27,8,57,0
2,27,8,58,0
2,27,8,59,0
2,27,8,60,0
2,27,8,61,0
2,27,8,62,0
2,27,8,63,0
2,27,8,64,0
2,27,8,65,0
2,27,8,66,0
2,27,8,67,0
2,27,8,68,0
2,27,8,69,0
2,27,8,70,0
2,27,8,71,0
2,27,8,72,0
2,27,8,73,0
2,27,8,74,0
2,27,8,75,0
2,27,8,76,0
2,27,8,77,0
2,27,8,78,0
2,27,8,79,0
2,27,9,0,509663334
2,27,9,1,1406799368
2,27,9,2,1728229972
2,27,9,3,1130452176
2,27,9,4,422361240
2,27,9,5,100503480
2,27,9,6,17386866
2,27,9,7,2260852
2,27,9,8,257466
2,27,9,9,20000
2,27,9,10,1414
2,27,9,11,92
2,27,9,12,0
2,27,9,13,0
2,27,9,14,0
2,27,9,15,0
2,27,9,16,0
2,27,9,17,0
2,27,9,18,0
2,27,9,19,0
2,27,9,20,0
2,27,9,21,0
2,27,9,22,0
2,27,9,23,0
2,27,9,24,0
2,27,9,25,0
2,27,9,26,0
2,27,9,27,0
2,27,9,28,0
2,27,9,29,0
2,27,9,30,0
2,27,9,31,0
2,27,9,32,0
2,27,9,33,0
2,27,9,34,0
2,27,9,35,0
2,27,9,36,0
2,27,9,37,0
2,27,9,38,0
2,27,9,39,0
2,27,9,40,0
2,27,9,41,0
2,27,9,42,0
2,27,9,43,0
2,27,9,44,0
2,27,9,45,0
2,27,9,46,0
2,27,9,47,0
2,27,9,48,0
2,27,9,49,0
2,27,9,50,0
2,27,9,51,0
2,27,9,52,0
2,27,9,53,0
2,27,9,54,0
2,27,9,55,0
2,27,9,56,0
2,27,9,57,0
2,27,9,58,0
2,27,9,59,0
2,27,9,60,0
2,27,9,61,0
2,27,9,62,0
2,27,9,63,0
2,27,9,64,0
2,27,9,65,0
2,27,9,66,0
2,27,9,67,0
2,27,9,68,0
2,27,9,69,0
2,27,9,70,0
2,27,9,71,0
2,27,9,72,0
2,27,9,73,0
2,27,9,74,0
2,27,9,75,0
2,27,9,76,0
2,27,9,77,0
2,27,9,78,0
2,27,9,79,0
2,27,10,0,1202893992
2,27,10,1,4301233092
2,27,10,2,7040885704
2,27,10,3,6404013976
2,27,10,4,3459249808
2,27,10,5,1183274757
2,27,10,6,281055096
2,27,10,7,50082708
2,27,10,8,7117368
2,27,10,9,827898
2,27,10,10,71856
2,27,10,11,6716
2,27,10,12,176
2,27,10,13,23
2,27,10,14,0
2,27,10,15,0
2,27,10,16,0
2,27,10,17,0
2,27,10,18,0
2,27,10,19,0
2,27,10,20,0
2,27,10,21,0
2,27,10,22,0
2,27,10,23,0
2,27,10,24,0
2,27,10,25,0
2,27,10,26,0
2,27,10,27,0
2,27,10,28,0
2,27,10,29,0
2,27,10,30,0
2,27,10,31,0
2,27,10,32,0
2,27,10,33,0
2,27,10,34,0
2,27,10,35,0
2,27,10,36,0
2,27,10,37,0
2,27,10,38,0
2,27,10,39,0
2,27,10,40,0
2,27,10,41,0
2,27,10,42,0
2,27,10,43,0
2,27,10,44,0
2,27,10,45,0
2,27,10,46,0
2,27,10,47,0
2,27,10,48,0
2,27,10,49,0
2,27,10,50,0
2,27,10,51,0
2,27,10,52,0
2,27,10,53,0
2,27,10,54,0
2,27,10,55,0
2,27,10,56,0
2,27,10,57,0
2,27,10,58,0
2,27,10,59,0
2,27,10,60,0
2,27,10,61,0
2,27,10,62,0
2,27,10,63,0
2,27,10,64,0
2,27,10,65,0
2,27,10,66,0
2,27,10,67,0
2,27,10,68,0
2,27,10,69,0
2,27,10,70,0
2,27,10,71,0
2,27,10,72,0
2,27,10,73,0
2,27,10,74,0
2,27,10,75,0
2,27,10,76,0
2,27,10,77,0
2,27,10,78,0
2,27,10,79,0
2,27,11,0,2300164770
2,27,11,1,10396246776
2,27,11,2,22050519192
2,27,11,3,26905195524
2,27,11,4,20189338466
2,27,11,5,9743412440
2,27,11,6,3201294082
2,27,11,7,769216696
2,27,11,8,143009262
2,27,11,9,21558608
2,27,11,10,2603286
2,27,11,11,271452
2,27,11,12,20686
2,27,11,13,1352
2,27,11,14,88
2,27,11,15,0
2,27,11,16,0
2,27,11,17,0
2,27,11,18,0
2,27,11,19,0
2,27,11,20,0
2,27,11,21,0
2,27,11,22,0
2,27,11,23,0
2,27,11,24,0
2,27,11,25,0
2,27,11,26,0
2,27,11,27,0
2,27,11,28,0
2,27,11,29,0
2,27,11,30,0
2,27,11,31,0
2,27,11,32,0
2,27,11,33,0
2,27,11,34,0
2,27,11,35,0
2,27,11,36,0
2,27,11,37,0
2,27,11,38,0
2,27,11,39,0
2,27,11,40,0
2,27,11,41,0
2,27,11,42,0
2,27,11,43,0
2,27,11,44,0
2,27,11,45,0
2,27,11,46,0
2,27,11,47,0
2,27,11,48,0
2,27,11,49,0
2,27,11,50,0
2,27,11,51,0
2,27,11,52,0
2,27,11,53,0
2,27,11,54,0
2,27,11,55,0
2,27,11,56,0
2,27,11,57,0
2,27,11,58,0
2,27,11,59,0
2,27,11,60,0
2,27,11,61,0
2,27,11,62,0
2,27,11,63,0
2,27,11,64,0
2,27,11,65,0
2,27,11,66,0
2,27,11,67,0
2,27,11,68,0
2,27,11,69,0
2,27,11,70,0
2,27,11,71,0
2,27,11,72,0
2,27,11,73,0
2,27,11,74,0
2,27,11,75,0
2,27,11,76,0
2,27,11,77,0
2,27,11,78,0
2,27,11,79,0
2,27,12,0,3575055360
2,27,12,1,20000246304
2,27,12,2,53701709028
2,27,12,3,85442824272
2,27,12,4,86228598108
2,27,12,5,57235067088
2,27,12,6,25892528481
2,27,12,7,8397293136
2,27,12,8,2061038198
2,27,12,9,400037784
2,27,12,10,63289298
2,27,12,11,8221720
2,27,12,12,898956
2,27,12,13,74248
2,27,12,14,6599
2,27,12,15,168
2,27,12,16,22
2,27,12,17,0
2,27,12,18,0
2,27,12,19,0
2,27,12,20,0
2,27,12,21,0
2,27,12,22,0
2,27,12,23,0
2,27,12,24,0
2,27,12,25,0
2,27,12,26,0
2,27,12,27,0
2,27,12,28,0
2,27,12,29,0
2,27,12,30,0
2,27,12,31,0
2,27,12,32,0
2,27,12,33,0
2,27,12,34,0
2,27,12,35,0
2,27,12,36,0
2,27,12,37,0
2,27,12,38,0
2,27,12,39,0
2,27,12,40,0
2,27,12,41,0
2,27,12,42,0
2,27,12,43,0
2,27,12,44,0
2,27,12,45,0
2,27,12,46,0
2,27,12,47,0
2,27,12,48,0
2,27,12,49,0
2,27,12,50,0
2,27,12,51,0
2,27,12,52,0
2,27,12,53,0
2,27,12,54,0
2,27,12,55,0
2,27,12,56,0
2,27,12,57,0
2,27,12,58,0
2,27,12,59,0
2,27,12,60,0
2,27,12,61,0
2,27,12,62,0
2,27,12,63,0
2,27,12,64,0
2,27,12,65,0
2,27,12,66,0
2,27,12,67,0
2,27,12,68,0
2,27,12,69,0
2,27,12,70,0
2,27,12,71,0
2,27,12,72,0
2,27,12,73,0
2,27,12,74,0
2,27,12,75,0
2,27,12,76,0
2,27,12,77,0
2,27,12,78,0
2,27,12,79,0
2,27,13,0,4524812190
2,27,13,1,30758225400
2,27,13,2,102480078380
2,27,13,3,207693078776
2,27,13,4,274473515516
2,27,13,5,244360100808
2,27,13,6,150111096030
2,27,13,7,65703146652
2,27,13,8,21378837042
2,27,13,9,5390709276
2,27,13,10,1092624072
2,27,13,11,181566560
2,27,13,12,25137554
2,27,13,13,2871152
2,27,13,14,280338
2,27,13,15,21060
2,27,13,16,1290
2,27,13,17,84
2,27,13,18,0
2,27,13,19,0
2,27,13,20,0
2,27,13,21,0
2,27,13,22,0
2,27,13,23,0
2,27,13,24,0
2,27,13,25,0
2,27,13,26,0
2,27,13,27,0
2,27,13,28,0
2,27,13,29,0
2,27,13,30,0
2,27,13,31,0
2,27,13,32,0
2,27,13,33,0
2,27,13,34,0
2,27,13,35,0
2,27,13,36,0
2,27,13,37,0
2,27,13,38,0
2,27,13,39,0
2,27,13,40,0
2,27,13,41,0
2,27,13,42,0
2,27,13,43,0
2,27,13,44,0
2,27,13,45,0
2,27,13,46,0
2,27,13,47,0
2,27,13,48,0
2,27,13,49,0
2,27,13,50,0
2,27,13,51,0
2,27,13,52,0
2,27,13,53,0
2,27,13,54,0
2,27,13,55,0
2,27,13,56,0
2,27,13,57,0
2,27,13,58,0
2,27,13,59,0
2,27,13,60,0
2,27,13,61,0
2,27,13,62,0
2,27,13,63,0
2,27,13,64,0
2,27,13,65,0
2,27,13,66,0
2,27,13,67,0
2,27,13,68,0
2,27,13,69,0
2,27,13,70,0
2,27,13,71,0
2,27,13,72,0
2,27,13,73,0
2,27,13,74,0
2,27,13,75,0
2,27,13,76,0
2,27,13,77,0
2,27,13,78,0
2,27,13,79,0
2,27,14,0,4666890936
2,27,14,1,37910337612
2,27,14,2,153980731008
2,27,14,3,389601545624
2,27,14,4,659168213752
2,27,14,5,769344569092
2,27,14,6,630547030016
2,27,14,7,370076812968
2,27,14,8,160043923512
2,27,14,9,52786978392
2,27,14,10,13745589768
2,27,14,11,2907706275
2,27,14,12,507999816
2,27,14,13,74428772
2,27,14,14,9083080
2,27,14,15,947966
2,27,14,16,75456
2,27,14,17,6444
2,27,14,18,160
2,27,14,19,21
2,27,14,20,0
2,27,14,21,0
2,27,14,22,0
2,27,14,23,0
2,27,14,24,0
2,27,14,25,0
2,27,14,26,0
2,27,14,27,0
2,27,14,28,0
2,27,14,29,0
2,27,14,30,0
2,27,14,31,0
2,27,14,32,0
2,27,14,33,0
2,27,14,34,0
2,27,14,35,0
2,27,14,36,0
2,27,14,37,0
2,27,14,38,0
2,27,14,39,0
2,27,14,40,0
2,27,14,41,0
2,27,14,42,0
2,27,14,43,0
2,27,14,44,0
2,27,14,45,0
2,27,14,46,0
2,27,14,47,0
2,27,14,48,0
2,27,14,49,0
2,27,14,50,0
2,27,14,51,0
2,27,14,52,0
2,27,14,53,0
2,27,14,54,0
2,27,14,55,0
2,27,14,56,0
2,27,14,57,0
2,27,14,58,0
2,27,14,59,0
2,27,14,60,0
2,27,14,61,0
2,27,14,62,0
2,27,14,63,0
2,27,14,64,0
2,27,14,65,0
2,27,14,66,0
2,27,14,67,0
2,27,14,68,0
2,27,14,69,0
2,27,14,70,0
2,27,14,71,0
2,27,14,72,0
2,27,14,73,0
2,27,14,74,0
2,27,14,75,0
2,27,14,76,0
2,27,14,77,0
2,27,14,78,0
2,27,14,79,0
2,27,15,0,3921503898
2,27,15,1,37489038888
2,27,15,2,182669239536
2,27,15,3,566859821164
2,27,15,4,1203933393302
2,27,15,5,1804738613224
2,27,15,6,1937603406988
2,27,15,7,1507695368268
2,27,15,8,864935719774
2,27,15,9,374873381624
2,27,15,10,126356756046
2,27,15,11,34091663868
2,27,15,12,7529473280
2,27,15,13,1385005584
2,27,15,14,213984000
2,27,15,15,27917552
2,27,15,16,3061182
2,27,15,17,284488
2,27,15,18,21146
2,27,15,19,1228
2,27,15,20,80
2,27,15,21,0
2,27,15,22,0
2,27,15,23,0
2,27,15,24,0
2,27,15,25,0
2,27,15,26,0
2,27,15,27,0
2,27,15,28,0
2,27,15,29,0
2,27,15,30,0
2,27,15,31,0
2,27,15,32,0
2,27,15,33,0
2,27,15,34,0
2,27,15,35,0
2,27,15,36,0
2,27,15,37,0
2,27,15,38,0
2,27,15,39,0
2,27,15,40,0
2,27,15,41,0
2,27,15,42,0
2,27,15,43,0
2,27,15,44,0
2,27,15,45,0
2,27,15,46,0
2,27,15,47,0
2,27,15,48,0
2,27,15,49,0
2,27,15,50,0
2,27,15,51,0
2,27,15,52,0
2,27,15,53,0
2,27,15,54,0
2,27,15,55,0
2,27,15,56,0
2,27,15,57,0
2,27,15,58,0
2,27,15,59,0
2,27,15,60,0
2,27,15,61,0
2,27,15,62,0
2,27,15,63,0
2,27,15,64,0
2,27,15,65,0
2,27,15,66,0
2,27,15,67,0
2,27,15,68,0
2,27,15,69,0
2,27,15,70,0
2,27,15,71,0
2,27,15,72,0
2,27,15,73,0
2,27,15,74,0
2,27,15,75,0
2,27,15,76,0
2,27,15,77,0
2,27,15,78,0
2,27,15,79,0
2,27,16,0,2681291520
2,27,16,1,29739830904
2,27,16,2,171285868908
2,27,16,3,641509189776
2,27,16,4,1680478783284
2,27,16,5,3175891865888
2,27,16,6,4387555766300
2,27,16,7,4463857733648
2,27,16,8,3374759022486
2,27,16,9,1924062478704
2,27,16,10,844850441988
2,27,16,11,292852394864
2,27,16,12,82072018388
2,27,16,13,18965974976
2,27,16,14,3668922784
2,27,16,15,598273384
2,27,16,16,83050615
2,27,16,17,9692592
2,27,16,18,976344
2,27,16,19,75576
2,27,16,20,6254
2,27,16,21,152
2,27,16,22,20
2,27,16,23,0
2,27,16,24,0
2,27,16,25,0
2,27,16,26,0
2,27,16,27,0
2,27,16,28,0
2,27,16,29,0
2,27,16,30,0
2,27,16,31,0
2,27,16,32,0
2,27,16,33,0
2,27,16,34,0
2,27,16,35,0
2,27,16,36,0
2,27,16,37,0
2,27,16,38,0
2,27,16,39,0
2,27,16,40,0
2,27,16,41,0
2,27,16,42,0
2,27,16,43,0
2,27,16,44,0
2,27,16,45,0
2,27,16,46,0
2,27,16,47,0
2,27,16,48,0
2,27,16,49,0
2,27,16,50,0
2,27,16,51,0
2,27,16,52,0
2,27,16,53,0
2,27,16,54,0
2,27,16,55,0
2,27,16,56,0
2,27,16,57,0
2,27,16,58,0
2,27,16,59,0
2,27,16,60,0
2,27,16,61,0
2,27,16,62,0
2,27,16,63,0
2,27,16,64,0
2,27,16,65,0
2,27,16,66,0
2,27,16,67,0
2,27,16,68,0
2,27,16,69,0
2,27,16,70,0
2,27,16,71,0
2,27,16,72,0
2,27,16,73,0
2,27,16,74,0
2,27,16,75,0
2,27,16,76,0
2,27,16,77,0
2,27,16,78,0
2,27,16,79,0
2,27,17,0,1488341910
2,27,17,1,18899883816
2,27,17,2,126907729092
2,27,17,3,565236491808
2,27,17,4,1797165001632
2,27,17,5,4209512424936
2,27,17,6,7356849404450
2,27,17,7,9640947572820
2,27,17,8,9509524589956
2,27,17,9,7109769007112
2,27,17,10,4080739954718
2,27,17,11,1831077539940
2,27,17,12,655999133912
2,27,17,13,191529778488
2,27,17,14,46379444662
2,27,17,15,9433414348
2,27,17,16,1626806764
2,27,17,17,238901720
2,27,17,18,29863084
2,27,17,19,3176288
2,27,17,20,284304
2,27,17,21,20968
2,27,17,22,1166
2,27,17,23,76
2,27,17,24,0
2,27,17,25,0
2,27,17,26,0
2,27,17,27,0
2,27,17,28,0
2,27,17,29,0
2,27,17,30,0
2,27,17,31,0
2,27,17,32,0
2,27,17,33,0
2,27,17,34,0
2,27,17,35,0
2,27,17,36,0
2,27,17,37,0
2,27,17,38,0
2,27,17,39,0
2,27,17,40,0
2,27,17,41,0
2,27,17,42,0
2,27,17,43,0
2,27,17,44,0
2,27,17,45,0
2,27,17,46,0
2,27,17,47,0
2,27,17,48,0
2,27,17,49,0
2,27,17,50,0
2,27,17,51,0
2,27,17,52,0
2,27,17,53,0
2,27,17,54,0
2,27,17,55,0
2,27,17,56,0
2,27,17,57,0
2,27,17,58,0
2,27,17,59,0
2,27,17,60,0
2,27,17,61,0
2,27,17,62,0
2,27,17,63,0
2,27,17,64,0
2,27,17,65,0
2,27,17,66,0
2,27,17,67,0
2,27,17,68,0
2,27,17,69,0
2,27,17,70,0
2,27,17,71,0
2,27,17,72,0
2,27,17,73,0
2,27,17,74,0
2,27,17,75,0
2,27,17,76,0
2,27,17,77,0
2,27,17,78,0
2,27,17,79,0
2,27,18,0,668274440
2,27,18,1,9595190100
2,27,18,2,74159621880
2,27,18,3,387496737624
2,27,18,4,1473453448608
2,27,18,5,4210351419348
2,27,18,6,9158567010320
2,27,18,7,15224813462456
2,27,18,8,19355039119000
2,27,18,9,18846298553654
2,27,18,10,14133320869056
2,27,18,11,8252613967360
2,27,18,12,3811268683000
2,27,18,13,1417730892044
2,27,18,14,432489855760
2,27,18,15,109889791096
2,27,18,16,23536733360
2,27,18,17,4288285280
2,27,18,18,666553320
2,27,18,19,88991064
2,27,18,20,10053296
2,27,18,21,985640
2,27,18,22,74704
2,27,18,23,6032
2,27,18,24,144
2,27,18,25,19
2,27,18,26,0
2,27,18,27,0
2,27,18,28,0
2,27,18,29,0
2,27,18,30,0
2,27,18,31,0
2,27,18,32,0
2,27,18,33,0
2,27,18,34,0
2,27,18,35,0
2,27,18,36,0
2,27,18,37,0
2,27,18,38,0
2,27,18,39,0
2,27,18,40,0
2,27,18,41,0
2,27,18,42,0
2,27,18,43,0
2,27,18,44,0
2,27,18,45,0
2,27,18,46,0
2,27,18,47,0
2,27,18,48,0
2,27,18,49,0
2,27,18,50,0
2,27,18,51,0
2,27,18,52,0
2,27,18,53,0
2,27,18,54,0
2,27,18,55,0
2,27,18,56,0
2,27,18,57,0
2,27,18,58,0
2,27,18,59,0
2,27,18,60,0
2,27,18,61,0
2,27,18,62,0
2,27,18,63,0
2,27,18,64,0
2,27,18,65,0
2,27,18,66,0
2,27,18,67,0
2,27,18,68,0
2,27,18,69,0
2,27,18,70,0
2,27,18,71,0
2,27,18,72,0
2,27,18,73,0
2,27,18,74,0
2,27,18,75,0
2,27,18,76,0
2,27,18,77,0
2,27,18,78,0
2,27,18,79,0
2,27,19,0,241419474
2,27,19,1,3873805848
2,27,19,2,34055582472
2,27,19,3,206183358036
2,27,19,4,925023390858
2,27,19,5,3177621111416
2,27,19,6,8471578802480
2,27,19,7,17593836513524
2,27,19,8,28440249197152
2,27,19,9,35715207622744
2,27,19,10,34844734342054
2,27,19,11,26522592676528
2,27,19,12,15896153069680
2,27,19,13,7604053788448
2,27,19,14,2949816337918
2,27,19,15,942899147416
2,27,19,16,251882594290
2,27,19,17,56879942288
2,27,19,18,10945885958
2,27,19,19,1804910060
2,27,19,20,255627854
2,27,19,21,30973688
2,27,19,22,3220520
2,27,19,23,280188
2,27,19,24,20550
2,27,19,25,1104
2,27,19,26,72
2,27,19,27,0
2,27,19,28,0
2,27,19,29,0
2,27,19,30,0
2,27,19,31,0
2,27,19,32,0
2,27,19,33,0
2,27,19,34,0
2,27,19,35,0
2,27,19,36,0
2,27,19,37,0
2,27,19,38,0
2,27,19,39,0
2,27,19,40,0
2,27,19,41,0
2,27,19,42,0
2,27,19,43,0
2,27,19,44,0
2,27,19,45,0
2,27,19,46,0
2,27,19,47,0
2,27,19,48,0
2,27,19,49,0
2,27,19,50,0
2,27,19,51,0
2,27,19,52,0
2,27,19,53,0
2,27,19,54,0
2,27,19,55,0
2,27,19,56,0
2,27,19,57,0
2,27,19,58,0
2,27,19,59,0
2,27,19,60,0
2,27,19,61,0
2,27,19,62,0
2,27,19,63,0
2,27,19,64,0
2,27,19,65,0
2,27,19,66,0
2,27,19,67,0
2,27,19,68,0
2,27,19,69,0
2,27,19,70,0
2,27,19,71,0
2,27,19,72,0
2,27,19,73,0
2,27,19,74,0
2,27,19,75,0
2,27,19,76,0
2,27,19,77,0
2,27,19,78,0
2,27,19,79,0
2,27,20,0,69629696
2,27,20,1,1235058832
2,27,20,2,12216890484
2,27,20,3,84753751056
2,27,20,4,443197335948
2,27,20,5,1805908457232
2,27,20,6,5816248218156
2,27,20,7,14867779902360
2,27,20,8,30128765851228
2,27,20,9,48220719510856
2,27,20,10,60734766888198
2,27,20,11,60130361640752
2,27,20,12,46934168141484
2,27,20,13,29103945001696
2,27,20,14,14506385326232
2,27,20,15,5893820480528
2,27,20,16,1980180029296
2,27,20,17,557385571520
2,27,20,18,132873325508
2,27,20,19,27043915888
2,27,20,20,4727538820
2,27,20,21,710428912
2,27,20,22,92214084
2,27,20,23,10174456
2,27,20,24,977492
2,27,20,25,72936
2,27,20,26,5781
2,27,20,27,136
2,27,20,28,18
2,27,20,29,0
2,27,20,30,0
2,27,20,31,0
2,27,20,32,0
2,27,20,33,0
2,27,20,34,0
2,27,20,35,0
2,27,20,36,0
2,27,20,37,0
2,27,20,38,0
2,27,20,39,0
2,27,20,40,0
2,27,20,41,0
2,27,20,42,0
2,27,20,43,0
2,27,20,44,0
2,27,20,45,0
2,27,20,46,0
2,27,20,47,0
2,27,20,48,0
2,27,20,49,0
2,27,20,50,0
2,27,20,51,0
2,27,20,52,0
2,27,20,53,0
2,27,20,54,0
2,27,20,55,0
2,27,20,56,0
2,27,20,57,0
2,27,20,58,0
2,27,20,59,0
2,27,20,60,0
2,27,20,61,0
2,27,20,62,0
2,27,20,63,0
2,27,20,64,0
2,27,20,65,0
2,27,20,66,0
2,27,20,67,0
2,27,20,68,0
2,27,20,69,0
2,27,20,70,0
2,27,20,71,0
2,27,20,72,0
2,27,20,73,0
2,27,20,74,0
2,27,20,75,0
2,27,20,76,0
2,27,20,77,0
2,27,20,78,0
2,27,20,79,0
2,27,21,0,15856206
2,27,21,1,307759256
2,27,21,2,3392108572
2,27,21,3,26707590984
2,27,21,4,161072561796
2,27,21,5,769354359240
2,27,21,6,2954369832582
2,27,21,7,9165620458956
2,27,21,8,22954163223282
2,27,21,9,46208377123848
2,27,21,10,74356776907406
2,27,21,11,95183323351004
2,27,21,12,96710382343302
2,27,21,13,78130608556184
2,27,21,14,50501128337256
2,27,21,15,26379634204880
2,27,21,16,11275047730852
2,27,21,17,3995063911936
2,27,21,18,1187883988552
2,27,21,19,299494689328
2,27,21,20,64552921102
2,27,21,21,11961812904
2,27,21,22,1911926042
2,27,21,23,263940404
2,27,21,24,31275736
2,27,21,25,3198912
2,27,21,26,272542
2,27,21,27,19916
2,27,21,28,1042
2,27,21,29,68
2,27,21,30,0
2,27,21,31,0
2,27,21,32,0
2,27,21,33,0
2,27,21,34,0
2,27,21,35,0
2,27,21,36,0
2,27,21,37,0
2,27,21,38,0
2,27,21,39,0
2,27,21,40,0
2,27,21,41,0
2,27,21,42,0
2,27,21,43,0
2,27,21,44,0
2,27,21,45,0
2,27,21,46,0
2,27,21,47,0
2,27,21,48,0
2,27,21,49,0
2,27,21,50,0
2,27,21,51,0
2,27,21,52,0
2,27,21,53,0
2,27,21,54,0
2,27,21,55,0
2,27,21,56,0
2,27,21,57,0
2,27,21,58,0
2,27,21,59,0
2,27,21,60,0
2,27,21,61,0
2,27,21,62,0
2,27,21,63,0
2,27,21,64,0
2,27,21,65,0
2,27,21,66,0
2,27,21,67,0
2,27,21,68,0
2,27,21,69,0
2,27,21,70,0
2,27,21,71,0
2,27,21,72,0
2,27,21,73,0
2,27,21,74,0
2,27,21,75,0
2,27,21,76,0
2,27,21,77,0
2,27,21,78,0
2,27,21,79,0
2,27,22,0,2805528
2,27,22,1,59028060
2,27,22,2,718810288
2,27,22,3,6374139352
2,27,22,4,43959334408
2,27,22,5,243718239108
2,27,22,6,1103368057536
2,27,22,7,4102188037536
2,27,22,8,12525038290248
2,27,22,9,31284812635224
2,27,22,10,63534616955880
2,27,22,11,104194582401432
2,27,22,12,137181058065192
2,27,22,13,144526008328116
2,27,22,14,121912225015568
2,27,22,15,82733309459438
2,27,22,16,45556436832656
2,27,22,17,20579939449656
2,27,22,18,7718864957328
2,27,22,19,2431508894544
2,27,22,20,649823839328
2,27,22,21,148544709728
2,27,22,22,29218256912
2,27,22,23,4965858616
2,27,22,24,729101248
2,27,22,25,92792764
2,27,22,26,10070808
2,27,22,27,953616
2,27,22,28,70368
2,27,22,29,5504
2,27,22,30,128
2,27,22,31,17
2,27,22,32,0
2,27,22,33,0
2,27,22,34,0
2,27,22,35,0
2,27,22,36,0
2,27,22,37,0
2,27,22,38,0
2,27,22,39,0
2,27,22,40,0
2,27,22,41,0
2,27,22,42,0
2,27,22,43,0
2,27,22,44,0
2,27,22,45,0
2,27,22,46,0
2,27,22,47,0
2,27,22,48,0
2,27,22,49,0
2,27,22,50,0
2,27,22,51,0
2,27,22,52,0
2,27,22,53,0
2,27,22,54,0
2,27,22,55,0
2,27,22,56,0
2,27,22,57,0
2,27,22,58,0
2,27,22,59,0
2,27,22,60,0
2,27,22,61,0
2,27,22,62,0
2,27,22,63,0
2,27,22,64,0
2,27,22,65,0
2,27,22,66,0
2,27,22,67,0
2,27,22,68,0
2,27,22,69,0
2,27,22,70,0
2,27,22,71,0
2,27,22,72,0
2,27,22,73,0
2,27,22,74,0
2,27,22,75,0
2,27,22,76,0
2,27,22,77,0
2,27,22,78,0
2,27,22,79,0
2,27,23,0,376650
2,27,23,1,8516040
2,27,23,2,113785056
2,27,23,3,1130767036
2,27,23,4,8865981502
2,27,23,5,56647597832
2,27,23,6,299721654260
2,27,23,7,1321544872572
2,27,23,8,4860905813862
2,27,23,9,14871282685416
2,27,23,10,37626557140662
2,27,23,11,78157148095740
2,27,23,12,132251474821188
2,27,23,13,181077399984864
2,27,23,14,199762891396818
2,27,23,15,177448204752408
2,27,23,16,127355388829340
2,27,23,17,74377448072032
2,27,23,18,35692551543672
2,27,23,19,14229946498552
2,27,23,20,4765035073056
2,27,23,21,1353473092480
2,27,23,22,328812918744
2,27,23,23,68757052144
2,27,23,24,12427881704
2,27,23,25,1945705312
2,27,23,26,264032570
2,27,23,27,30819064
2,27,23,28,3117362
2,27,23,29,261768
2,27,23,30,19090
2,27,23,31,980
2,27,23,32,64
2,27,23,33,0
2,27,23,34,0
2,27,23,35,0
2,27,23,36,0
2,27,23,37,0
2,27,23,38,0
2,27,23,39,0
2,27,23,40,0
2,27,23,41,0
2,27,23,42,0
2,27,23,43,0
2,27,23,44,0
2,27,23,45,0
2,27,23,46,0
2,27,23,47,0
2,27,23,48,0
2,27,23,49,0
2,27,23,50,0
2,27,23,51,0
2,27,23,52,0
2,27,23,53,0
2,27,23,54,0
2,27,23,55,0
2,27,23,56,0
2,27,23,57,0
2,27,23,58,0
2,27,23,59,0
2,27,23,60,0
2,27,23,61,0
2,27,23,62,0
2,27,23,63,0
2,27,23,64,0
2,27,23,65,0
2,27,23,66,0
2,27,23,67,0
2,27,23,68,0
2,27,23,69,0
2,27,23,70,0
2,27,23,71,0
2,27,23,72,0
2,27,23,73,0
2,27,23,74,0
2,27,23,75,0
2,27,23,76,0
2,27,23,77,0
2,27,23,78,0
2,27,23,79,0
2,27,24,0,36992
2,27,24,1,891624
2,27,24,2,13010556
2,27,24,3,144787408
2,27,24,4,1288361956
2,27,24,5,9454520096
2,27,24,6,58165865884
2,27,24,7,302001010432
2,27,24,8,1326004735156
2,27,24,9,4914914883072
2,27,24,10,15307040772420
2,27,24,11,39786556429584
2,27,24,12,85610638665432
2,27,24,13,151215457824240
2,27,24,14,217609922077800
2,27,24,15,253802419803336
2,27,24,16,239459045363760
2,27,24,17,183132243370704
2,27,24,18,114177416612072
2,27,24,19,58531374588832
2,27,24,20,24922192192740
2,27,24,21,8906316599104
2,27,24,22,2697453289024
2,27,24,23,698230951808
2,27,24,24,155502070784
2,27,24,25,29939180592
2,27,24,26,4998822832
2,27,24,27,723217984
2,27,24,28,90895164
2,27,24,29,9761840
2,27,24,30,915796
2,27,24,31,67096
2,27,24,32,5204
2,27,24,33,120
2,27,24,34,16
2,27,24,35,0
2,27,24,36,0
2,27,24,37,0
2,27,24,38,0
2,27,24,39,0
2,27,24,40,0
2,27,24,41,0
2,27,24,42,0
2,27,24,43,0
2,27,24,44,0
2,27,24,45,0
2,27,24,46,0
2,27,24,47,0
2,27,24,48,0
2,27,24,49,0
2,27,24,50,0
2,27,24,51,0
2,27,24,52,0
2,27,24,53,0
2,27,24,54,0
2,27,24,55,0
2,27,24,56,0
2,27,24,57,0
2,27,24,58,0
2,27,24,59,0
2,27,24,60,0
2,27,24,61,0
2,27,24,62,0
2,27,24,63,0
2,27,24,64,0
2,27,24,65,0
2,27,24,66,0
2,27,24,67,0
2,27,24,68,0
2,27,24,69,0
2,27,24,70,0
2,27,24,71,0
2,27,24,72,0
2,27,24,73,0
2,27,24,74,0
2,27,24,75,0
2,27,24,76,0
2,27,24,77,0
2,27,24,78,0
2,27,24,79,0
2,27,25,0,2502
2,27,25,1,63816
2,27,25,2,1016372
2,27,25,3,12756848
2,27,25,4,129472424
2,27,25,5,1094034920
2,27,25,6,7829843210
2,27,25,7,47769581732
2,27,25,8,249197762760
2,27,25,9,1111057764888
2,27,25,10,4219687412070
2,27,25,11,13576553207844
2,27,25,12,36735727476012
2,27,25,13,82883540471352
2,27,25,14,154545242480574
2,27,25,15,236204921637708
2,27,25,16,294079153748046
2,27,25,17,297317116055520
2,27,25,18,244239006656988
2,27,25,19,163727155599576
2,27,25,20,90224788071412
2,27,25,21,41252590919824
2,27,25,22,15806070179692
2,27,25,23,5124227948152
2,27,25,24,1417689396640
2,27,25,25,337107670048
2,27,25,26,69264408024
2,27,25,27,12340043136
2,27,25,28,1908833232
2,27,25,29,256458944
2,27,25,30,29673632
2,27,25,31,2982512
2,27,25,32,248268
2,27,25,33,18096
2,27,25,34,918
2,27,25,35,60
2,27,25,36,0
2,27,25,37,0
2,27,25,38,0
2,27,25,39,0
2,27,25,40,0
2,27,25,41,0
2,27,25,42,0
2,27,25,43,0
2,27,25,44,0
2,27,25,45,0
2,27,25,46,0
2,27,25,47,0
2,27,25,48,0
2,27,25,49,0
2,27,25,50,0
2,27,25,51,0
2,27,25,52,0
2,27,25,53,0
2,27,25,54,0
2,27,25,55,0
2,27,25,56,0
2,27,25,57,0
2,27,25,58,0
2,27,25,59,0
2,27,25,60,0
2,27,25,61,0
2,27,25,62,0
2,27,25,63,0
2,27,25,64,0
2,27,25,65,0
2,27,25,66,0
2,27,25,67,0
2,27,25,68,0
2,27,25,69,0
2,27,25,70,0
2,27,25,71,0
2,27,25,72,0
2,27,25,73,0
2,27,25,74,0
2,27,25,75,0
2,27,25,76,0
2,27,25,77,0
2,27,25,78,0
2,27,25,79,0
2,27,26,0,104
2,27,26,1,2788
2,27,26,2,48936
2,27,26,3,711192
2,27,26,4,8388528
2,27,26,5,82717588
2,27,26,6,695710352
2,27,26,7,5018321320
2,27,26,8,31179319480
2,27,26,9,167053520980
2,27,26,10,770444917360
2,27,26,11,3047044587936
2,27,26,12,10274644986824
2,27,26,13,29320961737293
2,27,26,14,70204567323432
2,27,26,15,139746808133340
2,27,26,16,229248464191824
2,27,26,17,307720087071366
2,27,26,18,336493733379512
2,27,26,19,299493947097508
2,27,26,20,217580385350424
2,27,26,21,129810986069475
2,27,26,22,64135207516224
2,27,26,23,26490991778888
2,27,26,24,9235479969392
2,27,26,25,2741570420852
2,27,26,26,698201674448
2,27,26,27,153453525624
2,27,26,28,29227774848
2,27,26,29,4836823077
2,27,26,30,694686040
2,27,26,31,86769980
2,27,26,32,9271072
2,27,26,33,865874
2,27,26,34,63216
2,27,26,35,4884
2,27,26,36,112
2,27,26,37,15
2,27,26,38,0
2,27,26,39,0
2,27,26,40,0
2,27,26,41,0
2,27,26,42,0
2,27,26,43,0
2,27,26,44,0
2,27,26,45,0
2,27,26,46,0
2,27,26,47,0
2,27,26,48,0
2,27,26,49,0
2,27,26,50,0
2,27,26,51,0
2,27,26,52,0
2,27,26,53,0
2,27,26,54,0
2,27,26,55,0
2,27,26,56,0
2,27,26,57,0
2,27,26,58,0
2,27,26,59,0
2,27,26,60,0
2,27,26,61,0
2,27,26,62,0
2,27,26,63,0
2,27,26,64,0
2,27,26,65,0
2,27,26,66,0
2,27,26,67,0
2,27,26,68,0
2,27,26,69,0
2,27,26,70,0
2,27,26,71,0
2,27,26,72,0
2,27,26,73,0
2,27,26,74,0
2,27,26,75,0
2,27,26,76,0
2,27,26,77,0
2,27,26,78,0
2,27,26,79,0
2,27,27,0,2
2,27,27,1,56
2,27,27,2,1144
2,27,27,3,21156
2,27,27,4,306354
2,27,27,5,3661848
2,27,27,6,37336280
2,27,27,7,325583076
2,27,27,8,2446634116
2,27,27,9,15909065560
2,27,27,10,89531524082
2,27,27,11,435438491408
2,27,27,12,1823710954468
2,27,27,13,6541675125296
2,27,27,14,19955431128256
2,27,27,15,51336885809460
2,27,27,16,110360428332300
2,27,27,17,196454179068312
2,27,27,18,287289762102354
2,27,27,19,343194799433864
2,27,27,20,334104087606364
2,27,27,21,265393706220144
2,27,27,22,172826250828330
2,27,27,23,92948398978548
2,27,27,24,41655983762836
2,27,27,25,15704262022096
2,27,27,26,5025548961988
2,27,27,27,1376052639224
2,27,27,28,324513315992
2,27,27,29,66237254496
2,27,27,30,11738427914
2,27,27,31,1807993972
2,27,27,32,242078690
2,27,27,33,27926184
2,27,27,34,2801628
2,27,27,35,232444
2,27,27,36,16958
2,27,27,37,856
2,27,27,38,56
2,27,27,39,0
2,27,27,40,0
2,27,27,41,0
2,27,27,42,0
2,27,27,43,0
2,27,27,44,0
2,27,27,45,0
2,27,27,46,0
2,27,27,47,0
2,27,27,48,0
2,27,27,49,0
2,27,27,50,0
2,27,27,51,0
2,27,27,52,0
2,27,27,53,0
2,27,27,54,0
2,27,27,55,0
2,27,27,56,0
2,27,27,57,0
2,27,27,58,0
2,27,27,59,0
2,27,27,60,0
2,27,27,61,0
2,27,27,62,0
2,27,27,63,0
2,27,27,64,0
2,27,27,65,0
2,27,27,66,0
2,27,27,67,0
2,27,27,68,0
2,27,27,69,0
2,27,27,70,0
2,27,27,71,0
2,27,27,72,0
2,27,27,73,0
2,27,27,74,0
2,27,27,75,0
2,27,27,76,0
2,27,27,77,0
2,27,27,78,0
2,27,27,79,0
2,27,28,0,0
2,27,28,1,0
2,27,28,2,4
2,27,28,3,208
2,27,28,4,4540
2,27,28,5,74192
2,27,28,6,1008620
2,27,28,7,11326664
2,27,28,8,107618572
2,27,28,9,877233832
2,27,28,10,6160224016
2,27,28,11,37378526720
2,27,28,12,195990181904
2,27,28,13,885857493776
2,27,28,14,3436634663001
2,27,28,15,11372792513928
2,27,28,16,31858074895890
2,27,28,17,74883008572992
2,27,28,18,146347572871674
2,27,28,19,235787127045624
2,27,28,20,311065534145872
2,27,28,21,334716711862120
2,27,28,22,293641260914251
2,27,28,23,210691776406960
2,27,28,24,124413635364658
2,27,28,25,60965398452232
2,27,28,26,25022101818500
2,27,28,27,8681727836144
2,27,28,28,2568142065128
2,27,28,29,652388452032
2,27,28,30,143133323085
2,27,28,31,27230241960
2,27,28,32,4502903850
2,27,28,33,646462560
2,27,28,34,80732034
2,27,28,35,8625336
2,27,28,36,805740
2,27,28,37,58824
2,27,28,38,4547
2,27,28,39,104
2,27,28,40,14
2,27,28,41,0
2,27,28,42,0
2,27,28,43,0
2,27,28,44,0
2,27,28,45,0
2,27,28,46,0
2,27,28,47,0
2,27,28,48,0
2,27,28,49,0
2,27,28,50,0
2,27,28,51,0
2,27,28,52,0
2,27,28,53,0
2,27,28,54,0
2,27,28,55,0
2,27,28,56,0
2,27,28,57,0
2,27,28,58,0
2,27,28,59,0
2,27,28,60,0
2,27,28,61,0
2,27,28,62,0
2,27,28,63,0
2,27,28,64,0
2,27,28,65,0
2,27,28,66,0
2,27,28,67,0
2,27,28,68,0
2,27,28,69,0
2,27,28,70,0
2,27,28,71,0
2,27,28,72,0
2,27,28,73,0
2,27,28,74,0
2,27,28,75,0
2,27,28,76,0
2,27,28,77,0
2,27,28,78,0
2,27,28,79,0
2,27,29,0,0
2,27,29,1,0
2,27,29,2,0
2,27,29,3,0
2,27,29,4,2
2,27,29,5,248
2,27,29,6,8182
2,27,29,7,149644
2,27,29,8,2065720
2,27,29,9,23251360
2,27,29,10,217502234
2,27,29,11,1723001492
2,27,29,12,11672361136
2,27,29,13,67863791584
2,27,29,14,338897357248
2,27,29,15,1450608843280
2,27,29,16,5298560803482
2,27,29,17,16411564215132
2,27,29,18,42768514993474
2,27,29,19,92958402585556
2,27,29,20,167051111774580
2,27,29,21,246315377512248
2,27,29,22,296407906931228
2,27,29,23,290475781677656
2,27,29,24,232157403861004
2,27,29,25,152056605015388
2,27,29,26,82225965516866
2,27,29,27,37041770363300
2,27,29,28,14033071127066
2,27,29,29,4511371676992
2,27,29,30,1240556859484
2,27,29,31,293723513864
2,27,29,32,60173359836
2,27,29,33,10700066100
2,27,29,34,1653225490
2,27,29,35,221996244
2,27,29,36,25676908
2,27,29,37,2582480
2,27,29,38,214698
2,27,29,39,15700
2,27,29,40,794
2,27,29,41,52
2,27,29,42,0
2,27,29,43,0
2,27,29,44,0
2,27,29,45,0
2,27,29,46,0
2,27,29,47,0
2,27,29,48,0
2,27,29,49,0
2,27,29,50,0
2,27,29,51,0
2,27,29,52,0
2,27,29,53,0
2,27,29,54,0
2,27,29,55,0
2,27,29,56,0
2,27,29,57,0
2,27,29,58,0
2,27,29,59,0
2,27,29,60,0
2,27,29,61,0
2,27,29,62,0
2,27,29,63,0
2,27,29,64,0
2,27,29,65,0
2,27,29,66,0
2,27,29,67,0
2,27,29,68,0
2,27,29,69,0
2,27,29,70,0
2,27,29,71,0
2,27,29,72,0
2,27,29,73,0
2,27,29,74,0
2,27,29,75,0
2,27,29,76,0
2,27,29,77,0
2,27,29,78,0
2,27,29,79,0
2,27,30,0,0
2,27,30,1,0
2,27,30,2,0
2,27,30,3,0
2,27,30,4,0
2,27,30,5,0
2,27,30,6,0
2,27,30,7,96
2,27,30,8,6800
2,27,30,9,175908
2,27,30,10,2779112
2,27,30,11,33180536
2,27,30,12,319762656
2,27,30,13,2551556928
2,27,30,14,17140714208
2,27,30,15,97714174832
2,27,30,16,473881086152
2,27,30,17,1953316577996
2,27,30,18,6817467037216
2,27,30,19,20026698380275
2,27,30,20,49141315193720
2,27,30,21,99888368015508
2,27,30,22,166848259854264
2,27,30,23,227529356770254
2,27,30,24,252342809978280
2,27,30,25,227510729988012
2,27,30,26,167281920316904
2,27,30,27,100939398529353
2,27,30,28,50409037487512
2,27,30,29,21033934287844
2,27,30,30,7403408623344
2,27,30,31,2217448856588
2,27,30,32,569438481632
2,27,30,33,126121810864
2,27,30,34,24193680672
2,27,30,35,4030148079
2,27,30,36,582328592
2,27,30,37,73147624
2,27,30,38,7854056
2,27,30,39,737322
2,27,30,40,54016
2,27,30,41,4196
2,27,30,42,96
2,27,30,43,13
2,27,30,44,0
2,27,30,45,0
2,27,30,46,0
2,27,30,47,0
2,27,30,48,0
2,27,30,49,0
2,27,30,50,0
2,27,30,51,0
2,27,30,52,0
2,27,30,53,0
2,27,30,54,0
2,27,30,55,0
2,27,30,56,0
2,27,30,57,0
2,27,30,58,0
2,27,30,59,0
2,27,30,60,0
2,27,30,61,0
2,27,30,62,0
2,27,30,63,0
2,27,30,64,0
2,27,30,65,0
2,27,30,66,0
2,27,30,67,0
2,27,30,68,0
2,27,30,69,0
2,27,30,70,0
2,27,30,71,0
2,27,30,72,0
2,27,30,73,0
2,27,30,74,0
2,27,30,75,0
2,27,30,76,0
2,27,30,77,0
2,27,30,78,0
2,27,30,79,0
2,27,31,0,0
2,27,31,1,0
2,27,31,2,0
2,27,31,3,0
2,27,31,4,0
2,27,31,5,0
2,27,31,6,0
2,27,31,7,0
2,27,31,8,0
2,27,31,9,0
2,27,31,10,2118
2,27,31,11,110600
2,27,31,12,2402126
2,27,31,13,33233912
2,27,31,14,346549358
2,27,31,15,2891183612
2,27,31,16,19819694546
2,27,31,17,113326088472
2,27,31,18,544008599784
2,27,31,19,2194983922236
2,27,31,20,7425994853466
2,27,31,21,20957504798952
2,27,31,22,48998110128918
2,27,31,23,94180028920116
2,27,31,24,147770472554844
2,27,31,25,188268259992864
2,27,31,26,194323665252204
2,27,31,27,162697507966584
2,27,31,28,111023102480628
2,27,31,29,62218630518592
2,27,31,30,28904129542078
2,27,31,31,11242325372632
2,27,31,32,3696404246728
2,27,31,33,1036184628016
2,27,31,34,249413173924
2,27,31,35,51826849344
2,27,31,36,9329922384
2,27,31,37,1457090832
2,27,31,38,197500094
2,27,31,39,23036096
2,27,31,40,2333222
2,27,31,41,195432
2,27,31,42,14346
2,27,31,43,732
2,27,31,44,48
2,27,31,45,0
2,27,31,46,0
2,27,31,47,0
2,27,31,48,0
2,27,31,49,0
2,27,31,50,0
2,27,31,51,0
2,27,31,52,0
2,27,31,53,0
2,27,31,54,0
2,27,31,55,0
2,27,31,56,0
2,27,31,57,0
2,27,31,58,0
2,27,31,59,0
2,27,31,60,0
2,27,31,61,0
2,27,31,62,0
2,27,31,63,0
2,27,31,64,0
2,27,31,65,0
2,27,31,66,0
2,27,31,67,0
2,27,31,68,0
2,27,31,69,0
2,27,31,70,0
2,27,31,71,0
2,27,31,72,0
2,27,31,73,0
2,27,31,74,0
2,27,31,75,0
2,27,31,76,0
2,27,31,77,0
2,27,31,78,0
2,27,31,79,0
2,27,32,0,0
2,27,32,1,0
2,27,32,2,0
2,27,32,3,0
2,27,32,4,0
2,27,32,5,0
2,27,32,6,0
2,27,32,7,0
2,27,32,8,0
2,27,32,9,0
2,27,32,10,0
2,27,32,11,0
2,27,32,12,0
2,27,32,13,28512
2,27,32,14,1202284
2,27,32,15,22551064
2,27,32,16,274598708
2,27,32,17,2506324288
2,27,32,18,18126900652
2,27,32,19,106635218368
2,27,32,20,517121260548
2,27,32,21,2077830587056
2,27,32,22,6916403839156
2,27,32,23,19003261357632
2,27,32,24,42847455363777
2,27,32,25,78756350509152
2,27,32,26,117301940010588
2,27,32,27,141018607038072
2,27,32,28,136731494383410
2,27,32,29,107234767707336
2,27,32,30,68454929619020
2,27,32,31,35884460970952
2,27,32,32,15605091363701
2,27,32,33,5688485664192
2,27,32,34,1755129085912
2,27,32,35,462212047520
2,27,32,36,104594024644
2,27,32,37,20436236192
2,27,32,38,3458729736
2,27,32,39,506649968
2,27,32,40,64419769
2,27,32,41,6988528
2,27,32,42,662576
2,27,32,43,48888
2,27,32,44,3834
2,27,32,45,88
2,27,32,46,12
2,27,32,47,0
2,27,32,48,0
2,27,32,49,0
2,27,32,50,0
2,27,32,51,0
2,27,32,52,0
2,27,32,53,0
2,27,32,54,0
2,27,32,55,0
2,27,32,56,0
2,27,32,57,0
2,27,32,58,0
2,27,32,59,0
2,27,32,60,0
2,27,32,61,0
2,27,32,62,0
2,27,32,63,0
2,27,32,64,0
2,27,32,65,0
2,27,32,66,0
2,27,32,67,0
2,27,32,68,0
2,27,32,69,0
2,27,32,70,0
2,27,32,71,0
2,27,32,72,0
2,27,32,73,0
2,27,32,74,0
2,27,32,75,0
2,27,32,76,0
2,27,32,77,0
2,27,32,78,0
2,27,32,79,0
2,27,33,0,0
2,27,33,1,0
2,27,33,2,0
2,27,33,3,0
2,27,33,4,0
2,27,33,5,0
2,27,33,6,0
2,27,33,7,0
2,27,33,8,0
2,27,33,9,0
2,27,33,10,0
2,27,33,11,0
2,27,33,12,0
2,27,33,13,0
2,27,33,14,0
2,27,33,15,0
2,27,33,16,262250
2,27,33,17,9307976
2,27,33,18,152549366
2,27,33,19,1634433332
2,27,33,20,13023284372
2,27,33,21,81326088440
2,27,33,22,408041166802
2,27,33,23,1664531034692
2,27,33,24,5541328033986
2,27,33,25,15035965102992
2,27,33,26,33116837348430
2,27,33,27,58893238758588
2,27,33,28,84166762912944
2,27,33,29,96424205478288
2,27,33,30,88623274183708
2,27,33,31,65641065384680
2,27,33,32,39486223257652
2,27,33,33,19485732973072
2,27,33,34,7976003152052
2,27,33,35,2737634791656
2,27,33,36,795700332940
2,27,33,37,197471283504
2,27,33,38,42112209344
2,27,33,39,7750769904
2,27,33,40,1233791162
2,27,33,41,170000200
2,27,33,42,20120804
2,27,33,43,2062272
2,27,33,44,175048
2,27,33,45,12920
2,27,33,46,670
2,27,33,47,44
2,27,33,48,0
2,27,33,49,0
2,27,33,50,0
2,27,33,51,0
2,27,33,52,0
2,27,33,53,0
2,27,33,54,0
2,27,33,55,0
2,27,33,56,0
2,27,33,57,0
2,27,33,58,0
2,27,33,59,0
2,27,33,60,0
2,27,33,61,0
2,27,33,62,0
2,27,33,63,0
2,27,33,64,0
2,27,33,65,0
2,27,33,66,0
2,27,33,67,0
2,27,33,68,0
2,27,33,69,0
2,27,33,70,0
2,27,33,71,0
2,27,33,72,0
2,27,33,73,0
2,27,33,74,0
2,27,33,75,0
2,27,33,76,0
2,27,33,77,0
2,27,33,78,0
2,27,33,79,0
2,27,34,0,0
2,27,34,1,0
2,27,34,2,0
2,27,34,3,0
2,27,34,4,0
2,27,34,5,0
2,27,34,6,0
2,27,34,7,0
2,27,34,8,0
2,27,34,9,0
2,27,34,10,0
2,27,34,11,0
2,27,34,12,0
2,27,34,13,0
2,27,34,14,0
2,27,34,15,0
2,27,34,16,0
2,27,34,17,0
2,27,34,18,0
2,27,34,19,1749456
2,27,34,20,53320456
2,27,34,21,766012684
2,27,34,22,7193014192
2,27,34,23,49734280296
2,27,34,24,266108847552
2,27,34,25,1127931926376
2,27,34,26,3826861083096
2,27,34,27,10420686033000
2,27,34,28,22736812358904
2,27,34,29,39612972406800
2,27,34,30,54935186004192
2,27,34,31,60581851099872
2,27,34,32,53254745293712
2,27,34,33,37545408288266
2,27,34,34,21427862444672
2,27,34,35,10012516708896
2,27,34,36,3876548094336
2,27,34,37,1257912955992
2,27,34,38,345558175712
2,27,34,39,81023972624
2,27,34,40,16313718632
2,27,34,41,2832754852
2,27,34,42,424129864
2,27,34,43,54973384
2,27,34,44,6061200
2,27,34,45,583476
2,27,34,46,43536
2,27,34,47,3464
2,27,34,48,80
2,27,34,49,11
2,27,34,50,0
2,27,34,51,0
2,27,34,52,0
2,27,34,53,0
2,27,34,54,0
2,27,34,55,0
2,27,34,56,0
2,27,34,57,0
2,27,34,58,0
2,27,34,59,0
2,27,34,60,0
2,27,34,61,0
2,27,34,62,0
2,27,34,63,0
2,27,34,64,0
2,27,34,65,0
2,27,34,66,0
2,27,34,67,0
2,27,34,68,0
2,27,34,69,0
2,27,34,70,0
2,27,34,71,0
2,27,34,72,0
2,27,34,73,0
2,27,34,74,0
2,27,34,75,0
2,27,34,76,0
2,27,34,77,0
2,27,34,78,0
2,27,34,79,0
2,27,35,0,0
2,27,35,1,0
2,27,35,2,0
2,27,35,3,0
2,27,35,4,0
2,27,35,5,0
2,27,35,6,0
2,27,35,7,0
2,27,35,8,0
2,27,35,9,0
2,27,35,10,0
2,27,35,11,0
2,27,35,12,0
2,27,35,13,0
2,27,35,14,0
2,27,35,15,0
2,27,35,16,0
2,27,35,17,0
2,27,35,18,0
2,27,35,19,0
2,27,35,20,0
2,27,35,21,0
2,27,35,22,8772302
2,27,35,23,231608600
2,27,35,24,2911165198
2,27,35,25,23799005152
2,27,35,26,141559444122
2,27,35,27,642326132868
2,27,35,28,2272585193946
2,27,35,29,6327724959336
2,27,35,30,13896734616690
2,27,35,31,24049842367404
2,27,35,32,32757769017876
2,27,35,33,35142330118112
2,27,35,34,29815684175328
2,27,35,35,20163759948832
2,27,35,36,10989204498872
2,27,35,37,4888342149008
2,27,35,38,1798130979756
2,27,35,39,553592593472
2,27,35,40,144136864454
2,27,35,41,31999374664
2,27,35,42,6092430336
2,27,35,43,998245932
2,27,35,44,140964614
2,27,35,45,17051512
2,27,35,46,1778192
2,27,35,47,153948
2,27,35,48,11446
2,27,35,49,608
2,27,35,50,40
2,27,35,51,0
2,27,35,52,0
2,27,35,53,0
2,27,35,54,0
2,27,35,55,0
2,27,35,56,0
2,27,35,57,0
2,27,35,58,0
2,27,35,59,0
2,27,35,60,0
2,27,35,61,0
2,27,35,62,0
2,27,35,63,0
2,27,35,64,0
2,27,35,65,0
2,27,35,66,0
2,27,35,67,0
2,27,35,68,0
2,27,35,69,0
2,27,35,70,0
2,27,35,71,0
2,27,35,72,0
2,27,35,73,0
2,27,35,74,0
2,27,35,75,0
2,27,35,76,0
2,27,35,77,0
2,27,35,78,0
2,27,35,79,0
2,27,36,0,0
2,27,36,1,0
2,27,36,2,0
2,27,36,3,0
2,27,36,4,0
2,27,36,5,0
2,27,36,6,0
2,27,36,7,0
2,27,36,8,0
2,27,36,9,0
2,27,36,10,0
2,27,36,11,0
2,27,36,12,0
2,27,36,13,0
2,27,36,14,0
2,27,36,15,0
2,27,36,16,0
2,27,36,17,0
2,27,36,18,0
2,27,36,19,0
2,27,36,20,0
2,27,36,21,0
2,27,36,22,0
2,27,36,23,0
2,27,36,24,0
2,27,36,25,33830016
2,27,36,26,775295060
2,27,36,27,8480939232
2,27,36,28,59827472364
2,27,36,29,302871405936
2,27,36,30,1151179255500
2,27,36,31,3353633005464
2,27,36,32,7553546625084
2,27,36,33,13191581909528
2,27,36,34,17886167588942
2,27,36,35,18879961906816
2,27,36,36,15608164299260
2,27,36,37,10204996100832
2,27,36,38,5345060156344
2,27,36,39,2275131322576
2,27,36,40,798344503280
2,27,36,41,233947714384
2,27,36,42,57872962564
2,27,36,43,12184826848
2,27,36,44,2197012452
2,27,36,45,339557520
2,27,36,46,45240420
2,27,36,47,5104952
2,27,36,48,502004
2,27,36,49,38056
2,27,36,50,3089
2,27,36,51,72
2,27,36,52,10
2,27,36,53,0
2,27,36,54,0
2,27,36,55,0
2,27,36,56,0
2,27,36,57,0
2,27,36,58,0
2,27,36,59,0
2,27,36,60,0
2,27,36,61,0
2,27,36,62,0
2,27,36,63,0
2,27,36,64,0
2,27,36,65,0
2,27,36,66,0
2,27,36,67,0
2,27,36,68,0
2,27,36,69,0
2,27,36,70,0
2,27,36,71,0
2,27,36,72,0
2,27,36,73,0
2,27,36,74,0
2,27,36,75,0
2,27,36,76,0
2,27,36,77,0
2,27,36,78,0
2,27,36,79,0
2,27,37,0,0
2,27,37,1,0
2,27,37,2,0
2,27,37,3,0
2,27,37,4,0
2,27,37,5,0
2,27,37,6,0
2,27,37,7,0
2,27,37,8,0
2,27,37,9,0
2,27,37,10,0
2,27,37,11,0
2,27,37,12,0
2,27,37,13,0
2,27,37,14,0
2,27,37,15,0
2,27,37,16,0
2,27,37,17,0
2,27,37,18,0
2,27,37,19,0
2,27,37,20,0
2,27,37,21,0
2,27,37,22,0
2,27,37,23,0
2,27,37,24,0
2,27,37,25,0
2,27,37,26,0
2,27,37,27,0
2,27,37,28,101880594
2,27,37,29,2021738328
2,27,37,30,19097132022
2,27,37,31,115015209372
2,27,37,32,489451533872
2,27,37,33,1537029593360
2,27,37,34,3633288881066
2,27,37,35,6523971142612
2,27,37,36,8942615011468
2,27,37,37,9406888964200
2,27,37,38,7656506332384
2,27,37,39,4879943153248
2,27,37,40,2472350788342
2,27,37,41,1012072074712
2,27,37,42,340089903892
2,27,37,43,95133927160
2,27,37,44,22407987956
2,27,37,45,4480910504
2,27,37,46,765165602
2,27,37,47,111855860
2,27,37,48,13948784
2,27,37,49,1489568
2,27,37,50,132534
2,27,37,51,9948
2,27,37,52,546
2,27,37,53,36
2,27,37,54,0
2,27,37,55,0
2,27,37,56,0
2,27,37,57,0
2,27,37,58,0
2,27,37,59,0
2,27,37,60,0
2,27,37,61,0
2,27,37,62,0
2,27,37,63,0
2,27,37,64,0
2,27,37,65,0
2,27,37,66,0
2,27,37,67,0
2,27,37,68,0
2,27,37,69,0
2,27,37,70,0
2,27,37,71,0
2,27,37,72,0
2,27,37,73,0
2,27,37,74,0
2,27,37,75,0
2,27,37,76,0
2,27,37,77,0
2,27,37,78,0
2,27,37,79,0
2,27,38,0,0
2,27,38,1,0
2,27,38,2,0
2,27,38,3,0
2,27,38,4,0
2,27,38,5,0
2,27,38,6,0
2,27,38,7,0
2,27,38,8,0
2,27,38,9,0
2,27,38,10,0
2,27,38,11,0
2,27,38,12,0
2,27,38,13,0
2,27,38,14,0
2,27,38,15,0
2,27,38,16,0
2,27,38,17,0
2,27,38,18,0
2,27,38,19,0
2,27,38,20,0
2,27,38,21,0
2,27,38,22,0
2,27,38,23,0
2,27,38,24,0
2,27,38,25,0
2,27,38,26,0
2,27,38,27,0
2,27,38,28,0
2,27,38,29,0
2,27,38,30,0
2,27,38,31,242080320
2,27,38,32,4136535360
2,27,38,33,33411325044
2,27,38,34,169715555448
2,27,38,35,598841402008
2,27,38,36,1530898619200
2,27,38,37,2892465703536
2,27,38,38,4083038844560
2,27,38,39,4344178674894
2,27,38,40,3522148899736
2,27,38,41,2208247521980
2,27,38,42,1089616186880
2,27,38,43,431154032104
2,27,38,44,139268940920
2,27,38,45,37290644076
2,27,38,46,8377125840
2,27,38,47,1593757000
2,27,38,48,257557600
2,27,38,49,35645004
2,27,38,50,4152376
2,27,38,51,420140
2,27,38,52,32544
2,27,38,53,2712
2,27,38,54,64
2,27,38,55,9
2,27,38,56,0
2,27,38,57,0
2,27,38,58,0
2,27,38,59,0
2,27,38,60,0
2,27,38,61,0
2,27,38,62,0
2,27,38,63,0
2,27,38,64,0
2,27,38,65,0
2,27,38,66,0
2,27,38,67,0
2,27,38,68,0
2,27,38,69,0
2,27,38,70,0
2,27,38,71,0
2,27,38,72,0
2,27,38,73,0
2,27,38,74,0
2,27,38,75,0
2,27,38,76,0
2,27,38,77,0
2,27,38,78,0
2,27,38,79,0
2,27,39,0,0
2,27,39,1,0
2,27,39,2,0
2,27,39,3,0
2,27,39,4,0
2,27,39,5,0
2,27,39,6,0
2,27,39,7,0
2,27,39,8,0
2,27,39,9,0
2,27,39,10,0
2,27,39,11,0
2,27,39,12,0
2,27,39,13,0
2,27,39,14,0
2,27,39,15,0
2,27,39,16,0
2,27,39,17,0
2,27,39,18,0
2,27,39,19,0
2,27,39,20,0
2,27,39,21,0
2,27,39,22,0
2,27,39,23,0
2,27,39,24,0
2,27,39,25,0
2,27,39,26,0
2,27,39,27,0
2,27,39,28,0
2,27,39,29,0
2,27,39,30,0
2,27,39,31,0
2,27,39,32,0
2,27,39,33,0
2,27,39,34,457018518
2,27,39,35,6671088744
2,27,39,36,45552588366
2,27,39,37,192542793608
2,27,39,38,555026958854
2,27,39,39,1137306629004
2,27,39,40,1691939766146
2,27,39,41,1853846958552
2,27,39,42,1518100275056
2,27,39,43,945984976396
2,27,39,44,458063711578
2,27,39,45,176153154904
2,27,39,46,54900404156
2,27,39,47,14108900532
2,27,39,48,3027965760
2,27,39,49,548142320
2,27,39,50,84067634
2,27,39,51,10929928
2,27,39,52,1204890
2,27,39,53,111208
2,27,39,54,8450
2,27,39,55,484
2,27,39,56,32
2,27,39,57,0
2,27,39,58,0
2,27,39,59,0
2,27,39,60,0
2,27,39,61,0
2,27,39,62,0
2,27,39,63,0
2,27,39,64,0
2,27,39,65,0
2,27,39,66,0
2,27,39,67,0
2,27,39,68,0
2,27,39,69,0
2,27,39,70,0
2,27,39,71,0
2,27,39,72,0
2,27,39,73,0
2,27,39,74,0
2,27,39,75,0
2,27,39,76,0
2,27,39,77,0
2,27,39,78,0
2,27,39,79,0
2,27,40,0,0
2,27,40,1,0
2,27,40,2,0
2,27,40,3,0
2,27,40,4,0
2,27,40,5,0
2,27,40,6,0
2,27,40,7,0
2,27,40,8,0
2,27,40,9,0
2,27,40,10,0
2,27,40,11,0
2,27,40,12,0
2,27,40,13,0
2,27,40,14,0
2,27,40,15,0
2,27,40,16,0
2,27,40,17,0
2,27,40,18,0
2,27,40,19,0
2,27,40,20,0
2,27,40,21,0
2,27,40,22,0
2,27,40,23,0
2,27,40,24,0
2,27,40,25,0
2,27,40,26,0
2,27,40,27,0
2,27,40,28,0
2,27,40,29,0
2,27,40,30,0
2,27,40,31,0
2,27,40,32,0
2,27,40,33,0
2,27,40,34,0
2,27,40,35,0
2,27,40,36,0
2,27,40,37,688686048
2,27,40,38,8503299900
2,27,40,39,48461326632
2,27,40,40,167964958308
2,27,40,41,389339551328
2,27,40,42,629302625996
2,27,40,43,726492125264
2,27,40,44,611240925576
2,27,40,45,383294606208
2,27,40,46,183722822340
2,27,40,47,69077021408
2,27,40,48,20856828140
2,27,40,49,5155911944
2,27,40,50,1059643888
2,27,40,51,182344672
2,27,40,52,26588614
2,27,40,53,3235056
2,27,40,54,339852
2,27,40,55,27096
2,27,40,56,2336
2,27,40,57,56
2,27,40,58,8
2,27,40,59,0
2,27,40,60,0
2,27,40,61,0
2,27,40,62,0
2,27,40,63,0
2,27,40,64,0
2,27,40,65,0
2,27,40,66,0
2,27,40,67,0
2,27,40,68,0
2,27,40,69,0
2,27,40,70,0
2,27,40,71,0
2,27,40,72,0
2,27,40,73,0
2,27,40,74,0
2,27,40,75,0
2,27,40,76,0
2,27,40,77,0
2,27,40,78,0
2,27,40,79,0
2,27,41,0,0
2,27,41,1,0
2,27,41,2,0
2,27,41,3,0
2,27,41,4,0
2,27,41,5,0
2,27,41,6,0
2,27,41,7,0
2,27,41,8,0
2,27,41,9,0
2,27,41,10,0
2,27,41,11,0
2,27,41,12,0
2,27,41,13,0
2,27,41,14,0
2,27,41,15,0
2,27,41,16,0
2,27,41,17,0
2,27,41,18,0
2,27,41,19,0
2,27,41,20,0
2,27,41,21,0
2,27,41,22,0
2,27,41,23,0
2,27,41,24,0
2,27,41,25,0
2,27,41,26,0
2,27,41,27,0
2,27,41,28,0
2,27,41,29,0
2,27,41,30,0
2,27,41,31,0
2,27,41,32,0
2,27,41,33,0
2,27,41,34,0
2,27,41,35,0
2,27,41,36,0
2,27,41,37,0
2,27,41,38,0
2,27,41,39,0
2,27,41,40,830764794
2,27,41,41,8577513000
2,27,41,42,40225596918
2,27,41,43,112514832836
2,27,41,44,206207713804
2,27,41,45,258616615272
2,27,41,46,228559116706
2,27,41,47,146499179940
2,27,41,48,70254551290
2,27,41,49,26001014560
2,27,41,50,7640802886
2,27,41,51,1821617932
2,27,41,52,358783972
2,27,41,53,58862384
2,27,41,54,8105656
2,27,41,55,932432
2,27,41,56,90372
2,27,41,57,6976
2,27,41,58,422
2,27,41,59,28
2,27,41,60,0
2,27,41,61,0
2,27,41,62,0
2,27,41,63,0
2,27,41,64,0
2,27,41,65,0
2,27,41,66,0
2,27,41,67,0
2,27,41,68,0
2,27,41,69,0
2,27,41,70,0
2,27,41,71,0
2,27,41,72,0
2,27,41,73,0
2,27,41,74,0
2,27,41,75,0
2,27,41,76,0
2,27,41,77,0
2,27,41,78,0
2,27,41,79,0
2,27,42,0,0
2,27,42,1,0
2,27,42,2,0
2,27,42,3,0
2,27,42,4,0
2,27,42,5,0
2,27,42,6,0
2,27,42,7,0
2,27,42,8,0
2,27,42,9,0
2,27,42,10,0
2,27,42,11,0
2,27,42,12,0
2,27,42,13,0
2,27,42,14,0
2,27,42,15,0
2,27,42,16,0
2,27,42,17,0
2,27,42,18,0
2,27,42,19,0
2,27,42,20,0
2,27,42,21,0
2,27,42,22,0
2,27,42,23,0
2,27,42,24,0
2,27,42,25,0
2,27,42,26,0
2,27,42,27,0
2,27,42,28,0
2,27,42,29,0
2,27,42,30,0
2,27,42,31,0
2,27,42,32,0
2,27,42,33,0
2,27,42,34,0
2,27,42,35,0
2,27,42,36,0
2,27,42,37,0
2,27,42,38,0
2,27,42,39,0
2,27,42,40,0
2,27,42,41,0
2,27,42,42,0
2,27,42,43,803467056
2,27,42,44,6847332792
2,27,42,45,26013058908
2,27,42,46,57702374848
2,27,42,47,82105972488
2,27,42,48,78577553888
2,27,42,49,52549547200
2,27,42,50,25557059336
2,27,42,51,9390919560
2,27,42,52,2698070936
2,27,42,53,622939385
2,27,42,54,117487288
2,27,42,55,18435324
2,27,42,56,2382848
2,27,42,57,263086
2,27,42,58,21808
2,27,42,59,1964
2,27,42,60,48
2,27,42,61,7
2,27,42,62,0
2,27,42,63,0
2,27,42,64,0
2,27,42,65,0
2,27,42,66,0
2,27,42,67,0
2,27,42,68,0
2,27,42,69,0
2,27,42,70,0
2,27,42,71,0
2,27,42,72,0
2,27,42,73,0
2,27,42,74,0
2,27,42,75,0
2,27,42,76,0
2,27,42,77,0
2,27,42,78,0
2,27,42,79,0
2,27,43,0,0
2,27,43,1,0
2,27,43,2,0
2,27,43,3,0
2,27,43,4,0
2,27,43,5,0
2,27,43,6,0
2,27,43,7,0
2,27,43,8,0
2,27,43,9,0
2,27,43,10,0
2,27,43,11,0
2,27,43,12,0
2,27,43,13,0
2,27,43,14,0
2,27,43,15,0
2,27,43,16,0
2,27,43,17,0
2,27,43,18,0
2,27,43,19,0
2,27,43,20,0
2,27,43,21,0
2,27,43,22,0
2,27,43,23,0
2,27,43,24,0
2,27,43,25,0
2,27,43,26,0
2,27,43,27,0
2,27,43,28,0
2,27,43,29,0
2,27,43,30,0
2,27,43,31,0
2,27,43,32,0
2,27,43,33,0
2,27,43,34,0
2,27,43,35,0
2,27,43,36,0
2,27,43,37,0
2,27,43,38,0
2,27,43,39,0
2,27,43,40,0
2,27,43,41,0
2,27,43,42,0
2,27,43,43,0
2,27,43,44,0
2,27,43,45,0
2,27,43,46,623207070
2,27,43,47,4320256760
2,27,43,48,13064716046
2,27,43,49,22538341616
2,27,43,50,24412187058
2,27,43,51,17540636820
2,27,43,52,8805939642
2,27,43,53,3249846792
2,27,43,54,918160236
2,27,43,55,205917072
2,27,43,56,37310330
2,27,43,57,5576744
2,27,43,58,680132
2,27,43,59,70428
2,27,43,60,5550
2,27,43,61,360
2,27,43,62,24
2,27,43,63,0
2,27,43,64,0
2,27,43,65,0
2,27,43,66,0
2,27,43,67,0
2,27,43,68,0
2,27,43,69,0
2,27,43,70,0
2,27,43,71,0
2,27,43,72,0
2,27,43,73,0
2,27,43,74,0
2,27,43,75,0
2,27,43,76,0
2,27,43,77,0
2,27,43,78,0
2,27,43,79,0
2,27,44,0,0
2,27,44,1,0
2,27,44,2,0
2,27,44,3,0
2,27,44,4,0
2,27,44,5,0
2,27,44,6,0
2,27,44,7,0
2,27,44,8,0
2,27,44,9,0
2,27,44,10,0
2,27,44,11,0
2,27,44,12,0
2,27,44,13,0
2,27,44,14,0
2,27,44,15,0
2,27,44,16,0
2,27,44,17,0
2,27,44,18,0
2,27,44,19,0
2,27,44,20,0
2,27,44,21,0
2,27,44,22,0
2,27,44,23,0
2,27,44,24,0
2,27,44,25,0
2,27,44,26,0
2,27,44,27,0
2,27,44,28,0
2,27,44,29,0
2,27,44,30,0
2,27,44,31,0
2,27,44,32,0
2,27,44,33,0
2,27,44,34,0
2,27,44,35,0
2,27,44,36,0
2,27,44,37,0
2,27,44,38,0
2,27,44,39,0
2,27,44,40,0
2,27,44,41,0
2,27,44,42,0
2,27,44,43,0
2,27,44,44,0
2,27,44,45,0
2,27,44,46,0
2,27,44,47,0
2,27,44,48,0
2,27,44,49,387328512
2,27,44,50,2148334756
2,27,44,51,5068855024
2,27,44,52,6650418460
2,27,44,53,5367222288
2,27,44,54,2855108777
2,27,44,55,1073293456
2,27,44,56,301135206
2,27,44,57,65686200
2,27,44,58,11497154
2,27,44,59,1623160
2,27,44,60,191756
2,27,44,61,16776
2,27,44,62,1599
2,27,44,63,40
2,27,44,64,6
2,27,44,65,0
2,27,44,66,0
2,27,44,67,0
2,27,44,68,0
2,27,44,69,0
2,27,44,70,0
2,27,44,71,0
2,27,44,72,0
2,27,44,73,0
2,27,44,74,0
2,27,44,75,0
2,27,44,76,0
2,27,44,77,0
2,27,44,78,0
2,27,44,79,0
2,27,45,0,0
2,27,45,1,0
2,27,45,2,0
2,27,45,3,0
2,27,45,4,0
2,27,45,5,0
2,27,45,6,0
2,27,45,7,0
2,27,45,8,0
2,27,45,9,0
2,27,45,10,0
2,27,45,11,0
2,27,45,12,0
2,27,45,13,0
2,27,45,14,0
2,27,45,15,0
2,27,45,16,0
2,27,45,17,0
2,27,45,18,0
2,27,45,19,0
2,27,45,20,0
2,27,45,21,0
2,27,45,22,0
2,27,45,23,0
2,27,45,24,0
2,27,45,25,0
2,27,45,26,0
2,27,45,27,0
2,27,45,28,0
2,27,45,29,0
2,27,45,30,0
2,27,45,31,0
2,27,45,32,0
2,27,45,33,0
2,27,45,34,0
2,27,45,35,0
2,27,45,36,0
2,27,45,37,0
2,27,45,38,0
2,27,45,39,0
2,27,45,40,0
2,27,45,41,0
2,27,45,42,0
2,27,45,43,0
2,27,45,44,0
2,27,45,45,0
2,27,45,46,0
2,27,45,47,0
2,27,45,48,0
2,27,45,49,0
2,27,45,50,0
2,27,45,51,0
2,27,45,52,192441122
2,27,45,53,837923000
2,27,45,54,1506465782
2,27,45,55,1464299948
2,27,45,56,861269032
2,27,45,57,336472068
2,27,45,58,94892316
2,27,45,59,20230536
2,27,45,60,3430692
2,27,45,61,455472
2,27,45,62,51778
2,27,45,63,4196
2,27,45,64,298
2,27,45,65,20
2,27,45,66,0
2,27,45,67,0
2,27,45,68,0
2,27,45,69,0
2,27,45,70,0
2,27,45,71,0
2,27,45,72,0
2,27,45,73,0
2,27,45,74,0
2,27,45,75,0
2,27,45,76,0
2,27,45,77,0
2,27,45,78,0
2,27,45,79,0
2,27,46,0,0
2,27,46,1,0
2,27,46,2,0
2,27,46,3,0
2,27,46,4,0
2,27,46,5,0
2,27,46,6,0
2,27,46,7,0
2,27,46,8,0
2,27,46,9,0
2,27,46,10,0
2,27,46,11,0
2,27,46,12,0
2,27,46,13,0
2,27,46,14,0
2,27,46,15,0
2,27,46,16,0
2,27,46,17,0
2,27,46,18,0
2,27,46,19,0
2,27,46,20,0
2,27,46,21,0
2,27,46,22,0
2,27,46,23,0
2,27,46,24,0
2,27,46,25,0
2,27,46,26,0
2,27,46,27,0
2,27,46,28,0
2,27,46,29,0
2,27,46,30,0
2,27,46,31,0
2,27,46,32,0
2,27,46,33,0
2,27,46,34,0
2,27,46,35,0
2,27,46,36,0
2,27,46,37,0
2,27,46,38,0
2,27,46,39,0
2,27,46,40,0
2,27,46,41,0
2,27,46,42,0
2,27,46,43,0
2,27,46,44,0
2,27,46,45,0
2,27,46,46,0
2,27,46,47,0
2,27,46,48,0
2,27,46,49,0
2,27,46,50,0
2,27,46,51,0
2,27,46,52,0
2,27,46,53,0
2,27,46,54,0
2,27,46,55,76117536
2,27,46,56,254402800
2,27,46,57,338563012
2,27,46,58,236301064
2,27,46,59,99361611
2,27,46,60,28578816
2,27,46,61,6019608
2,27,46,62,980232
2,27,46,63,127734
2,27,46,64,12096
2,27,46,65,1244
2,27,46,66,32
2,27,46,67,5
2,27,46,68,0
2,27,46,69,0
2,27,46,70,0
2,27,46,71,0
2,27,46,72,0
2,27,46,73,0
2,27,46,74,0
2,27,46,75,0
2,27,46,76,0
2,27,46,77,0
2,27,46,78,0
2,27,46,79,0
2,27,47,0,0
2,27,47,1,0
2,27,47,2,0
2,27,47,3,0
2,27,47,4,0
2,27,47,5,0
2,27,47,6,0
2,27,47,7,0
2,27,47,8,0
2,27,47,9,0
2,27,47,10,0
2,27,47,11,0
2,27,47,12,0
2,27,47,13,0
2,27,47,14,0
2,27,47,15,0
2,27,47,16,0
2,27,47,17,0
2,27,47,18,0
2,27,47,19,0
2,27,47,20,0
2,27,47,21,0
2,27,47,22,0
2,27,47,23,0
2,27,47,24,0
2,27,47,25,0
2,27,47,26,0
2,27,47,27,0
2,27,47,28,0
2,27,47,29,0
2,27,47,30,0
2,27,47,31,0
2,27,47,32,0
2,27,47,33,0
2,27,47,34,0
2,27,47,35,0
2,27,47,36,0
2,27,47,37,0
2,27,47,38,0
2,27,47,39,0
2,27,47,40,0
2,27,47,41,0
2,27,47,42,0
2,27,47,43,0
2,27,47,44,0
2,27,47,45,0
2,27,47,46,0
2,27,47,47,0
2,27,47,48,0
2,27,47,49,0
2,27,47,50,0
2,27,47,51,0
2,27,47,52,0
2,27,47,53,0
2,27,47,54,0
2,27,47,55,0
2,27,47,56,0
2,27,47,57,0
2,27,47,58,23810534
2,27,47,59,59436488
2,27,47,60,56419150
2,27,47,61,27251224
2,27,47,62,8141364
2,27,47,63,1738428
2,27,47,64,265358
2,27,47,65,34824
2,27,47,66,2938
2,27,47,67,236
2,27,47,68,16
2,27,47,69,0
2,27,47,70,0
2,27,47,71,0
2,27,47,72,0
2,27,47,73,0
2,27,47,74,0
2,27,47,75,0
2,27,47,76,0
2,27,47,77,0
2,27,47,78,0
2,27,47,79,0
2,27,48,0,0
2,27,48,1,0
2,27,48,2,0
2,27,48,3,0
2,27,48,4,0
2,27,48,5,0
2,27,48,6,0
2,27,48,7,0
2,27,48,8,0
2,27,48,9,0
2,27,48,10,0
2,27,48,11,0
2,27,48,12,0
2,27,48,13,0
2,27,48,14,0
2,27,48,15,0
2,27,48,16,0
2,27,48,17,0
2,27,48,18,0
2,27,48,19,0
2,27,48,20,0
2,27,48,21,0
2,27,48,22,0
2,27,48,23,0
2,27,48,24,0
2,27,48,25,0
2,27,48,26,0
2,27,48,27,0
2,27,48,28,0
2,27,48,29,0
2,27,48,30,0
2,27,48,31,0
2,27,48,32,0
2,27,48,33,0
2,27,48,34,0
2,27,48,35,0
2,27,48,36,0
2,27,48,37,0
2,27,48,38,0
2,27,48,39,0
2,27,48,40,0
2,27,48,41,0
2,27,48,42,0
2,27,48,43,0
2,27,48,44,0
2,27,48,45,0
2,27,48,46,0
2,27,48,47,0
2,27,48,48,0
2,27,48,49,0
2,27,48,50,0
2,27,48,51,0
2,27,48,52,0
2,27,48,53,0
2,27,48,54,0
2,27,48,55,0
2,27,48,56,0
2,27,48,57,0
2,27,48,58,0
2,27,48,59,0
2,27,48,60,0
2,27,48,61,5831520
2,27,48,62,10502156
2,27,48,63,6764088
2,27,48,64,2173311
2,27,48,65,474456
2,27,48,66,72840
2,27,48,67,7864
2,27,48,68,902
2,27,48,69,24
2,27,48,70,4
2,27,48,71,0
2,27,48,72,0
2,27,48,73,0
2,27,48,74,0
2,27,48,75,0
2,27,48,76,0
2,27,48,77,0
2,27,48,78,0
2,27,48,79,0
2,27,49,0,0
2,27,49,1,0
2,27,49,2,0
2,27,49,3,0
2,27,49,4,0
2,27,49,5,0
2,27,49,6,0
2,27,49,7,0
2,27,49,8,0
2,27,49,9,0
2,27,49,10,0
2,27,49,11,0
2,27,49,12,0
2,27,49,13,0
2,27,49,14,0
2,27,49,15,0
2,27,49,16,0
2,27,49,17,0
2,27,49,18,0
2,27,49,19,0
2,27,49,20,0
2,27,49,21,0
2,27,49,22,0
2,27,49,23,0
2,27,49,24,0
2,27,49,25,0
2,27,49,26,0
2,27,49,27,0
2,27,49,28,0
2,27,49,29,0
2,27,49,30,0
2,27,49,31,0
2,27,49,32,0
2,27,49,33,0
2,27,49,34,0
2,27,49,35,0
2,27,49,36,0
2,27,49,37,0
2,27,49,38,0
2,27,49,39,0
2,27,49,40,0
2,27,49,41,0
2,27,49,42,0
2,27,49,43,0
2,27,49,44,0
2,27,49,45,0
2,27,49,46,0
2,27,49,47,0
2,27,49,48,0
2,27,49,49,0
2,27,49,50,0
2,27,49,51,0
2,27,49,52,0
2,27,49,53,0
2,27,49,54,0
2,27,49,55,0
2,27,49,56,0
2,27,49,57,0
2,27,49,58,0
2,27,49,59,0
2,27,49,60,0
2,27,49,61,0
2,27,49,62,0
2,27,49,63,0
2,27,49,64,1101450
2,27,49,65,1367048
2,27,49,66,556022
2,27,49,67,116036
2,27,49,68,19968
2,27,49,69,1800
2,27,49,70,174
2,27,49,71,12
2,27,49,72,0
2,27,49,73,0
2,27,49,74,0
2,27,49,75,0
2,27,49,76,0
2,27,49,77,0
2,27,49,78,0
2,27,49,79,0
2,27,50,0,0
2,27,50,1,0
2,27,50,2,0
2,27,50,3,0
2,27,50,4,0
2,27,50,5,0
2,27,50,6,0
2,27,50,7,0
2,27,50,8,0
2,27,50,9,0
2,27,50,10,0
2,27,50,11,0
2,27,50,12,0
2,27,50,13,0
2,27,50,14,0
2,27,50,15,0
2,27,50,16,0
2,27,50,17,0
2,27,50,18,0
2,27,50,19,0
2,27,50,20,0
2,27,50,21,0
2,27,50,22,0
2,27,50,23,0
2,27,50,24,0
2,27,50,25,0
2,27,50,26,0
2,27,50,27,0
2,27,50,28,0
2,27,50,29,0
2,27,50,30,0
2,27,50,31,0
2,27,50,32,0
2,27,50,33,0
2,27,50,34,0
2,27,50,35,0
2,27,50,36,0
2,27,50,37,0
2,27,50,38,0
2,27,50,39,0
2,27,50,40,0
2,27,50,41,0
2,27,50,42,0
2,27,50,43,0
2,27,50,44,0
2,27,50,45,0
2,27,50,46,0
2,27,50,47,0
2,27,50,48,0
2,27,50,49,0
2,27,50,50,0
2,27,50,51,0
2,27,50,52,0
2,27,50,53,0
2,27,50,54,0
2,27,50,55,0
2,27,50,56,0
2,27,50,57,0
2,27,50,58,0
2,27,50,59,0
2,27,50,60,0
2,27,50,61,0
2,27,50,62,0
2,27,50,63,0
2,27,50,64,0
2,27,50,65,0
2,27,50,66,0
2,27,50,67,156816
2,27,50,68,125800
2,27,50,69,28864
2,27,50,70,4176
2,27,50,71,576
2,27,50,72,16
2,27,50,73,3
2,27,50,74,0
2,27,50,75,0
2,27,50,76,0
2,27,50,77,0
2,27,50,78,0
2,27,50,79,0
2,27,51,0,0
2,27,51,1,0
2,27,51,2,0
2,27,51,3,0
2,27,51,4,0
2,27,51,5,0
2,27,51,6,0
2,27,51,7,0
2,27,51,8,0
2,27,51,9,0
2,27,51,10,0
2,27,51,11,0
2,27,51,12,0
2,27,51,13,0
2,27,51,14,0
2,27,51,15,0
2,27,51,16,0
2,27,51,17,0
2,27,51,18,0
2,27,51,19,0
2,27,51,20,0
2,27,51,21,0
2,27,51,22,0
2,27,51,23,0
2,27,51,24,0
2,27,51,25,0
2,27,51,26,0
2,27,51,27,0
2,27,51,28,0
2,27,51,29,0
2,27,51,30,0
2,27,51,31,0
2,27,51,32,0
2,27,51,33,0
2,27,51,34,0
2,27,51,35,0
2,27,51,36,0
2,27,51,37,0
2,27,51,38,0
2,27,51,39,0
2,27,51,40,0
2,27,51,41,0
2,27,51,42,0
2,27,51,43,0
2,27,51,44,0
2,27,51,45,0
2,27,51,46,0
2,27,51,47,0
2,27,51,48,0
2,27,51,49,0
2,27,51,50,0
2,27,51,51,0
2,27,51,52,0
2,27,51,53,0
2,27,51,54,0
2,27,51,55,0
2,27,51,56,0
2,27,51,57,0
2,27,51,58,0
2,27,51,59,0
2,27,51,60,0
2,27,51,61,0
2,27,51,62,0
2,27,51,63,0
2,27,51,64,0
2,27,51,65,0
2,27,51,66,0
2,27,51,67,0
2,27,51,68,0
2,27,51,69,0
2,27,51,70,16238
2,27,51,71,7640
2,27,51,72,806
2,27,51,73,112
2,27,51,74,8
2,27,51,75,0
2,27,51,76,0
2,27,51,77,0
2,27,51,78,0
2,27,51,79,0
2,27,52,0,0
2,27,52,1,0
2,27,52,2,0
2,27,52,3,0
2,27,52,4,0
2,27,52,5,0
2,27,52,6,0
2,27,52,7,0
2,27,52,8,0
2,27,52,9,0
2,27,52,10,0
2,27,52,11,0
2,27,52,12,0
2,27,52,13,0
2,27,52,14,0
2,27,52,15,0
2,27,52,16,0
2,27,52,17,0
2,27,52,18,0
2,27,52,19,0
2,27,52,20,0
2,27,52,21,0
2,27,52,22,0
2,27,52,23,0
2,27,52,24,0
2,27,52,25,0
2,27,52,26,0
2,27,52,27,0
2,27,52,28,0
2,27,52,29,0
2,27,52,30,0
2,27,52,31,0
2,27,52,32,0
2,27,52,33,0
2,27,52,34,0
2,27,52,35,0
2,27,52,36,0
2,27,52,37,0
2,27,52,38,0
2,27,52,39,0
2,27,52,40,0
2,27,52,41,0
2,27,52,42,0
2,27,52,43,0
2,27,52,44,0
2,27,52,45,0
2,27,52,46,0
2,27,52,47,0
2,27,52,48,0
2,27,52,49,0
2,27,52,50,0
2,27,52,51,0
2,27,52,52,0
2,27,52,53,0
2,27,52,54,0
2,27,52,55,0
2,27,52,56,0
2,27,52,57,0
2,27,52,58,0
2,27,52,59,0
2,27,52,60,0
2,27,52,61,0
2,27,52,62,0
2,27,52,63,0
2,27,52,64,0
2,27,52,65,0
2,27,52,66,0
2,27,52,67,0
2,27,52,68,0
2,27,52,69,0
2,27,52,70,0
2,27,52,71,0
2,27,52,72,0
2,27,52,73,1152
2,27,52,74,269
2,27,52,75,8
2,27,52,76,2
2,27,52,77,0
2,27,52,78,0
2,27,52,79,0
2,27,53,0,0
2,27,53,1,0
2,27,53,2,0
2,27,53,3,0
2,27,53,4,0
2,27,53,5,0
2,27,53,6,0
2,27,53,7,0
2,27,53,8,0
2,27,53,9,0
2,27,53,10,0
2,27,53,11,0
2,27,53,12,0
2,27,53,13,0
2,27,53,14,0
2,27,53,15,0
2,27,53,16,0
2,27,53,17,0
2,27,53,18,0
2,27,53,19,0
2,27,53,20,0
2,27,53,21,0
2,27,53,22,0
2,27,53,23,0
2,27,53,24,0
2,27,53,25,0
2,27,53,26,0
2,27,53,27,0
2,27,53,28,0
2,27,53,29,0
2,27,53,30,0
2,27,53,31,0
2,27,53,32,0
2,27,53,33,0
2,27,53,34,0
2,27,53,35,0
2,27,53,36,0
2,27,53,37,0
2,27,53,38,0
2,27,53,39,0
2,27,53,40,0
2,27,53,41,0
2,27,53,42,0
2,27,53,43,0
2,27,53,44,0
2,27,53,45,0
2,27,53,46,0
2,27,53,47,0
2,27,53,48,0
2,27,53,49,0
2,27,53,50,0
2,27,53,51,0
2,27,53,52,0
2,27,53,53,0
2,27,53,54,0
2,27,53,55,0
2,27,53,56,0
2,27,53,57,0
2,27,53,58,0
2,27,53,59,0
2,27,53,60,0
2,27,53,61,0
2,27,53,62,0
2,27,53,63,0
2,27,53,64,0
2,27,53,65,0
2,27,53,66,0
2,27,53,67,0
2,27,53,68,0
2,27,53,69,0
2,27,53,70,0
2,27,53,71,0
2,27,53,72,0
2,27,53,73,0
2,27,53,74,0
2,27,53,75,0
2,27,53,76,50
2,27,53,77,4
2,27,53,78,0
2,27,53,79,0
2,27,54,0,0
2,27,54,1,0
2,27,54,2,0
2,27,54,3,0
2,27,54,4,0
2,27,54,5,0
2,27,54,6,0
2,27,54,7,0
2,27,54,8,0
2,27,54,9,0
2,27,54,10,0
2,27,54,11,0
2,27,54,12,0
2,27,54,13,0
2,27,54,14,0
2,27,54,15,0
2,27,54,16,0
2,27,54,17,0
2,27,54,18,0
2,27,54,19,0
2,27,54,20,0
2,27,54,21,0
2,27,54,22,0
2,27,54,23,0
2,27,54,24,0
2,27,54,25,0
2,27,54,26,0
2,27,54,27,0
2,27,54,28,0
2,27,54,29,0
2,27,54,30,0
2,27,54,31,0
2,27,54,32,0
2,27,54,33,0
2,27,54,34,0
2,27,54,35,0
2,27,54,36,0
2,27,54,37,0
2,27,54,38,0
2,27,54,39,0
2,27,54,40,0
2,27,54,41,0
2,27,54,42,0
2,27,54,43,0
2,27,54,44,0
2,27,54,45,0
2,27,54,46,0
2,27,54,47,0
2,27,54,48,0
2,27,54,49,0
2,27,54,50,0
2,27,54,51,0
2,27,54,52,0
2,27,54,53,0
2,27,54,54,0
2,27,54,55,0
2,27,54,56,0
2,27,54,57,0
2,27,54,58,0
2,27,54,59,0
2,27,54,60,0
2,27,54,61,0
2,27,54,62,0
2,27,54,63,0
2,27,54,64,0
2,27,54,65,0
2,27,54,66,0
2,27,54,67,0
2,27,54,68,0
2,27,54,69,0
2,27,54,70,0
2,27,54,71,0
2,27,54,72,0
2,27,54,73,0
2,27,54,74,0
2,27,54,75,0
2,27,54,76,0
2,27,54,77,0
2,27,54,78,0
2,27,54,79,1
.DONE.
